0111110000100001000010000
1011101000010000100001000
1101100100001000010000100
1110100010000100001000010
1111000001000010000100001
1000001111100001000010000
0100010111010000100001000
0010011011001000010000100
0001011101000100001000010
0000111110000010000100001
1000010000011111000010000
0100001000101110100001000
0010000100110110010000100
0001000010111010001000010
0000100001111100000100001
1000010000100000111110000
0100001000010001011101000
0010000100001001101100100
0001000010000101110100010
0000100001000011111000001
1000010000100001000001111
0100001000010000100010111
0010000100001000010011011
0001000010000100001011101
0000100001000010000111110