011111100000100000100000100000100000
101111010000010000010000010000010000
110111001000001000001000001000001000
111011000100000100000100000100000100
111101000010000010000010000010000010
111110000001000001000001000001000001
100000011111100000100000100000100000
010000101111010000010000010000010000
001000110111001000001000001000001000
000100111011000100000100000100000100
000010111101000010000010000010000010
000001111110000001000001000001000001
100000100000011111100000100000100000
010000010000101111010000010000010000
001000001000110111001000001000001000
000100000100111011000100000100000100
000010000010111101000010000010000010
000001000001111110000001000001000001
100000100000100000011111100000100000
010000010000010000101111010000010000
001000001000001000110111001000001000
000100000100000100111011000100000100
000010000010000010111101000010000010
000001000001000001111110000001000001
100000100000100000100000011111100000
010000010000010000010000101111010000
001000001000001000001000110111001000
000100000100000100000100111011000100
000010000010000010000010111101000010
000001000001000001000001111110000001
100000100000100000100000100000011111
010000010000010000010000010000101111
001000001000001000001000001000110111
000100000100000100000100000100111011
000010000010000010000010000010111101
000001000001000001000001000001111110