000001111011011110000011010011001101010100
000000111101101111000001101001100110101010
000000011110110111100000110100110011010101
000000001111011011110100011010011001101010
000000000111101101111010001101001100110101
100000000011110110111101000110100110011010
110000000001111011011010100011010011001101
111000000000111101101101010001101001100110
111100000000011110110010101000110100110011
011110000000001111011101010100011010011001
101111000000000111101110101010001101001100
110111100000000011110011010101000110100110
011011110000000001111001101010100011010011
101101111000000000111100110101010001101001
110110111100000000011110011010101000110100
111011011110000000001011001101010100011010
111101101111000000000001100110101010001101
011110110111100000000100110011010101000110
001111011011110000000010011001101010100011
000111101101111000000101001100110101010001
000011110110111100000110100110011010101000
000101010110011001011011110000100100001111
100010101011001100101101111000010010000111
110001010101100110010110111100001001000011
011000101010110011001111011110000100100001
101100010101011001100111101111000010010000
010110001010101100110011110111100001001000
001011000101010110011001111011110000100100
100101100010101011001000111101111000010010
110010110001010101100000011110111100001001
011001011000101010110100001111011110000100
001100101100010101011010000111101111000010
100110010110001010101001000011110111100001
110011001011000101010100100001111011110000
011001100101100010101010010000111101111000
101100110010110001010001001000011110111100
010110011001011000101000100100001111011110
101011001100101100010000010010000111101111
010101100110010110001100001001000011110111
101010110011001011000110000100100001111011
010101011001100101100111000010010000111101
001010101100110010110111100001001000011110
