2 3 5 6 10 11 12 19 22 23 25 26 36 37 42 43 45 46 50 56
3 4 6 7 11 12 13 19 23 24 25 26 27 37 38 43 44 46 47 50 53
0 4 5 7 8 12 13 14 24 25 27 28 38 39 44 45 47 53 56
0 1 5 6 8 9 14 15 25 26 28 29 39 40 41 45 46 48 55
1 2 6 7 9 10 14 15 16 26 27 29 30 40 41 42 46 47 51 54
0 2 3 7 8 10 11 16 17 27 28 30 31 41 42 43 47 54 55
0 1 3 4 8 9 11 12 17 18 28 29 31 32 42 43 44 53 55
1 2 4 5 9 10 12 13 18 29 30 32 33 43 44 45 52 53 54
2 3 5 6 10 11 13 14 20 30 31 33 34 44 45 46 50 52 54 56
3 4 6 7 11 12 13 14 15 20 21 31 32 34 35 45 46 47 50 53
0 4 5 7 8 12 13 15 16 21 22 32 33 35 36 46 47 49 53
0 1 5 6 8 9 13 14 16 17 22 23 33 34 36 37 47 49 50 55
0 1 2 6 7 9 10 14 15 16 17 18 23 24 34 35 37 38 48 50 51 55
1 2 7 8 9 10 11 15 16 18 24 25 35 36 38 39 48 49 51 52
2 3 4 8 9 11 12 16 17 19 20 25 26 36 37 39 40 49 52
3 4 9 10 12 13 17 18 19 20 21 26 27 37 38 40 41 51 52 53
4 5 10 11 12 13 14 18 21 22 27 28 38 39 41 42 52 53 56
5 6 11 12 14 15 19 20 22 23 27 28 29 39 40 42 43 48 52
6 7 12 13 15 16 19 20 21 23 24 28 29 30 40 41 43 44 48
0 1 14 15 17 18 28 29 31 32 37 45 48 49 51 53 54 56
8 9 14 15 17 18 22 23 25 26 30 31 32 42 43 45 46 48 50
9 10 15 16 18 23 24 26 27 31 32 33 43 44 46 47 50 52 56
0 10 11 16 17 20 24 25 27 28 32 33 34 44 45 47 52 55 56
0 1 11 12 17 18 20 21 25 26 28 29 33 34 35 45 46 53 55
1 2 12 13 18 21 22 26 27 29 30 34 35 36 46 47 49 52 53 54
0 1 2 3 13 14 20 22 23 27 28 30 31 35 36 37 47 49 52 54 55
0 1 3 4 14 15 20 21 23 24 28 29 31 32 37 38 49 50 55
1 2 4 5 15 16 17 21 22 24 25 29 30 32 33 38 39 50 54
2 3 5 6 16 17 18 19 22 23 25 26 30 31 33 34 39 40 50 54
3 4 6 7 17 18 19 23 24 26 27 31 32 34 35 40 41 51 52
4 5 7 8 18 20 24 25 27 28 32 33 35 36 41 42 49 51 52
5 6 8 9 19 20 21 25 26 28 29 33 34 36 37 42 43 49 52
6 7 9 10 19 20 21 22 26 27 29 30 34 35 37 38 43 44 49 56
7 8 10 11 21 22 23 27 28 30 31 35 36 38 39 44 45 48 49
8 9 11 12 22 23 24 28 29 31 32 36 37 39 40 45 46 49 51
9 10 12 13 23 24 25 29 30 32 33 37 38 40 41 46 47 51 53
0 10 11 13 14 24 25 30 31 33 34 38 39 40 41 42 47 54 56
0 1 11 12 14 15 19 25 26 31 32 34 35 39 40 42 43 48
1 2 12 13 15 16 26 27 32 33 35 36 40 41 43 44 48 56
2 3 13 14 16 17 27 28 33 34 36 37 41 42 43 44 45 49 50 56
3 4 14 15 17 18 28 29 34 35 36 37 38 42 43 45 46 48 50 53
3 4 5 15 16 18 29 30 35 36 38 39 43 44 46 47 48 49 52 54
0 4 5 6 16 17 20 30 31 36 37 39 40 44 45 47 50 52 54
0 1 5 6 7 17 18 20 21 31 32 37 38 39 40 41 45 46 50 51
1 2 6 7 8 18 21 22 32 33 38 39 41 42 46 47 51 52 54
0 2 3 7 8 9 19 20 22 23 33 34 39 40 42 43 47 52 54 55
0 1 3 4 8 9 10 20 21 23 24 34 35 40 41 43 44 51 55
1 2 4 5 9 10 11 21 22 24 25 35 36 41 42 44 45 49 51 56
3 12 13 17 18 19 20 33 37 38 40 41 49 50 54 55 56
10 11 13 14 19 24 25 26 30 31 32 33 34 39 41 47 48 50 51 53 55
0 1 8 9 11 12 20 21 26 27 28 39 40 42 43 48 49 51 53 54 56
4 12 13 15 19 29 30 34 35 43 44 46 47 49 50 54 55 56
7 8 13 14 15 16 17 21 22 24 25 29 30 31 41 42 44 45 53
1 2 6 7 9 10 15 16 19 23 24 35 40 49 50 52 54 55 56
4 5 7 8 19 24 25 27 28 36 41 42 44 45 48 50 51 53 55
3 5 6 11 12 22 23 25 26 45 46 48 49 51 53 54 56
0 2 8 16 19 21 22 32 36 38 39 47 48 50 51 53 55