00100011010101010110110110101000100
00011100010101010110011101010100010
10001100101010101001111001011000100
01000011101010101001101110100100001
01100001101101000101101010100001001
01100010110100100101010110100010001
10010100011110001010010101010001001
10011000111000011010101001010010001
00111101010010010100000110010101100
11000111100001101000001001100101100
00111011000101100010010001101010010
11001110001010010001100010011010010
00110010100101010110101001000001010
11001000011010101001010110000001010
00110100011001010110101010000010100
11000001100110101001010101000010100
00110011010001010001010010010100101
11001100100010100010100001100100101
11000011001010100100001010011000011
00111100000101011000000101101000011
10111001000110100100000100010111000
11100110001001011000001000100111000
01111001010010100010010000101011000
11010110100001010001100000011011000
10011100100101101010000000110000111
01100011011010010101000000110000111
10011100011000000101011011001100000
01100011100100001010100111001100000
10100000001100000011001100110101001
01010000110000001100110000111010001
00000101001100110000111100000101001
00001010110011000000111100001000001
10100000110000111100000011000000010
01010000001111000011000011000000101
00001111000000001111000011001111010
