0000000100011010110111110000011000010011010101110110111110
0000001000100101001011110000100111101100101010001111111101
0000011010000011101110100101000011101110111110011001100101
0000100101000010111101011010000011011011011101111001011010
0001001001011001000101111010011000100111100011110110011101
0010000110100100011010110101100100011101100011101110101110
0110100011000101101000001111110000111001100100111010101011
1001010011001000010100001111001101110110100000111101010111
0010011100100110011011000101100001001111101101000110111011
0001101100011001100111001010001010001111010010100111110111
0100010010001110101101010100111100001110111011001010110101
1000100001001100001110101000111111001011011011110100111010
1000100101110110111001110010111010010110101100101011000100
0100011010111011000110110001101111101001110100110101001000
1011000010101100101101010110110100001011010111011001110010
0110101001000100111000100111100101111001001111000010011111
1011001001101011011010001011101001010011011110100001110001
1001010110001001100100011011011001110110010011000101101111
0111011010111011100000001110010110101001111000111100100100
1011100101110110010000001101010111010110111000111010011000
1110010011010100100000101110110110110000001111101100100111
1101100011101010000000011101011101110000110011010011011011
1110110000011101000010011110110010111000111100010100001111
1101110000101110010001101101001100110010011000101011001111
0001101101010000111111110010101010001101010101011011000111
0010011110100011001111110001101001000111001110011101001011
0001101101001011111010101000011001111010101110110100111000
0010011110000101110101010100100111111010110001101011110100
0100011010111111100010101101011101000001010111101001100101
1000101000111010011111100010101010011111000101110011110100
1000100101111100110001011110110111000100101111010001011010
0100010100110111001111010001101010101111100110001101111000
0111000001011100001110101001011101001110001111011011110001
0111000110010101110101000111101010101100111101000101110010
0110101100000101011011110011000101000111101110001010110111
1001011100001001110111110011010000001101010001110101111011
0111011011110111001000101011010111010001011011000100010101
0110110111101000010100001100011111110010110010111000011101
1011100111111010110100010111010110100100011011000010101010
1001111011010111101000001100110100111000101001111000101110
0110111110101100001101100011001101100101001000110111000111
1011000001110110111101111001100001011110000101111010010101
0111000010111001101110110110001011101011100010011101101010
1011001010001111100010101110111111100000010011111100101010
0110110001110011110011000110101110101110001101000111001011
1001110010110011010011001001111011011011010110000111000111
1001111101011100101110010011110000010101110100001111001011
1011101100010110001101101110011010010101111100000011001111
0111011100101010001110011101100110100101011100100101001111
1100110111010100011010100110000101011000101111101010111101
1100111011101001000101011001010010100010110011110101111110
0111000101001110110001011101111111010000101011111010010101
1110011011110010111010000011110111110011001100000110010111
1101100111110011100101000011011111111100010000000111101011
1101111010010101010101110110001100010111001110111110010001
1110110101101001011010111001110000101101110001011111100010
1001011111010011010011111100001001110011101111111010110100
0110101111100001110011111100100010111100110011111101111000