0101010101010101000101
1010101010101010100010
0101010101010101010001
1010101010101010101000
0101010101010101010100
1010101010101010101010
0101010101010101010101
1010101010101010101010
0101010101010101010101
1010101010101010101010
0101010101010101010101
1010101010101010101010
0101010101010101010101
1010101010101010101010
0101010101010101010101
1010101010101010101010
0101010101010101010101
0010101010101010101010
0001010101010101010101
1000101010101010101010
0100010101010101010101
1010001010101010101010
