0000000000001111111111
0000000000010111111111
0000000000011011111111
0000000000011101111111
0000000000011110111111
0000000000011111011111
0000000000011111101111
0000000000011111110111
0000000000011111111011
0000000000011111111101
0000000000011111111110
0111111111100000000000
1011111111100000000000
1101111111100000000000
1110111111100000000000
1111011111100000000000
1111101111100000000000
1111110111100000000000
1111111011100000000000
1111111101100000000000
1111111110100000000000
1111111111000000000000
