0001010100001001000000001010010110001100
0000011010010101100000101000100001001000
0000001010001011011000010000100100000101
1000000000000110110000001101101000010100
0000010100110010010010000000110001100100
1100101000001100010011000010000000010001
0110010100000100000100010001011000000110
1000101000010010101001000001000100001010
0110000000010000010001001111010100100000
0000000000111101000011100001001100000100
0000100001000100100000011010110100000011
0100100111001010000000011000001010010000
1010010001010000001000000110101001000010
0101011001100010001000000100000110100000
0011100100010101000100100110000000000001
1110000001000010100010000001010011000001
0101000100100001011001010010001001000000
0011110010000000100010100000001110000010
0010000100001100100111001000100010100000
0000001000000010001010101010011101010000
0000110001000001011100011101000000001000
0000010111000000101000100100010000010101
0100000001000010010101000010100010001110
0010001000110000100010000110000010011100
1101000010110000001110000000000000000111
0001000010001110000011010000010001001010
1000010010101010100100110001000000100000
0001001111000001000010000010100000110010
0111100000101000001000100001010000011000
1000101010100001000101000100101010000000
0001001001011000110100000000010000101001
1010000111100100010100000000000001011000
1000000000010101011000110000010000110010
0100100000001001100100000100000100110110
0000100010000100001000000011001011001101
0001010000010000000101010001100111000001
1100000100000000000010110100101100100001
1011101001000000000001111000000001100000
0000001100101000010000101101000011000001
0010010000100011000001001000001000111010