00111010010011001100100101110
00011101001001100110010010111
10001110100100110011001001011
11000111010010011001100100101
11100011101001001100110010010
01110001110100100110011001001
10111000111010010011001100100
01011100011101001001100110010
00101110001110100100110011001
10010111000111010010011001100
01001011100011101001001100110
00100101110001110100100110011
10010010111000111010010011001
11001001011100011101001001100
01100100101110001110100100110
00110010010111000111010010011
10011001001011100011101001001
11001100100101110001110100100
01100110010010111000111010010
00110011001001011100011101001
10011001100100101110001110100
01001100110010010111000111010
00100110011001001011100011101
10010011001100100101110001110
01001001100110010010111000111
10100100110011001001011100011
11010010011001100100101110001
11101001001100110010010111000
01110100100110011001001011100
