01010110011100000011100110101
10101011001110000001110011010
01010101100111000000111001101
10101010110011100000011100110
01010101011001110000001110011
10101010101100111000000111001
11010101010110011100000011100
01101010101011001110000001110
00110101010101100111000000111
10011010101010110011100000011
11001101010101011001110000001
11100110101010101100111000000
01110011010101010110011100000
00111001101010101011001110000
00011100110101010101100111000
00001110011010101010110011100
00000111001101010101011001110
00000011100110101010101100111
10000001110011010101010110011
11000000111001101010101011001
11100000011100110101010101100
01110000001110011010101010110
00111000000111001101010101011
10011100000011100110101010101
11001110000001110011010101010
01100111000000111001101010101
10110011100000011100110101010
01011001110000001110011010101
10101100111000000111001101010
