01000101101100110011011010001
10100010110110011001101101000
01010001011011001100110110100
00101000101101100110011011010
00010100010110110011001101101
10001010001011011001100110110
01000101000101101100110011011
10100010100010110110011001101
11010001010001011011001100110
01101000101000101101100110011
10110100010100010110110011001
11011010001010001011011001100
01101101000101000101101100110
00110110100010100010110110011
10011011010001010001011011001
11001101101000101000101101100
01100110110100010100010110110
00110011011010001010001011011
10011001101101000101000101101
11001100110110100010100010110
01100110011011010001010001011
10110011001101101000101000101
11011001100110110100010100010
01101100110011011010001010001
10110110011001101101000101000
01011011001100110110100010100
00101101100110011011010001010
00010110110011001101101000101
10001011011001100110110100010
