00000111010110110011101110000
00000011101011011001110111000
00000001110101101100111011100
00000000111010110110011101110
00000000011101011011001110111
10000000001110101101100111011
11000000000111010110110011101
11100000000011101011011001110
01110000000001110101101100111
10111000000000111010110110011
01011100000000011101011011001
10101110000000001110101101100
11010111000000000111010110110
01101011100000000011101011011
10110101110000000001110101101
11011010111000000000111010110
01101101011100000000011101011
00110110101110000000001110101
10011011010111000000000111010
11001101101011100000000011101
11100110110101110000000001110
01110011011010111000000000111
10111001101101011100000000011
11011100110110101110000000001
11101110011011010111000000000
01110111001101101011100000000
00111011100110110101110000000
00011101110011011010111000000
00001110111001101101011100000
