00110000101110110111010000101
00011000010111011011101000010
10001100001011101101110100001
11000110000101110110111010000
01100011000010111011011101000
00110001100001011101101110100
00011000110000101110110111010
00001100011000010111011011101
10000110001100001011101101110
01000011000110000101110110111
10100001100011000010111011011
11010000110001100001011101101
11101000011000110000101110110
01110100001100011000010111011
10111010000110001100001011101
11011101000011000110000101110
01101110100001100011000010111
10110111010000110001100001011
11011011101000011000110000101
11101101110100001100011000010
01110110111010000110001100001
10111011011101000011000110000
01011101101110100001100011000
00101110110111010000110001100
00010111011011101000011000110
00001011101101110100001100011
10000101110110111010000110001
01000010111011011101000011000
10100001011101101110100001100
