01011100100001111000010011101
10101110010000111100001001110
01010111001000011110000100111
10101011100100001111000010011
11010101110010000111100001001
11101010111001000011110000100
01110101011100100001111000010
00111010101110010000111100001
10011101010111001000011110000
01001110101011100100001111000
00100111010101110010000111100
00010011101010111001000011110
00001001110101011100100001111
10000100111010101110010000111
11000010011101010111001000011
11100001001110101011100100001
11110000100111010101110010000
01111000010011101010111001000
00111100001001110101011100100
00011110000100111010101110010
00001111000010011101010111001
10000111100001001110101011100
01000011110000100111010101110
00100001111000010011101010111
10010000111100001001110101011
11001000011110000100111010101
11100100001111000010011101010
01110010000111100001001110101
10111001000011110000100111010
