00000111101011001101011110000
00000011110101100110101111000
00000001111010110011010111100
00000000111101011001101011110
00000000011110101100110101111
10000000001111010110011010111
11000000000111101011001101011
11100000000011110101100110101
11110000000001111010110011010
01111000000000111101011001101
10111100000000011110101100110
01011110000000001111010110011
10101111000000000111101011001
11010111100000000011110101100
01101011110000000001111010110
00110101111000000000111101011
10011010111100000000011110101
11001101011110000000001111010
01100110101111000000000111101
10110011010111100000000011110
01011001101011110000000001111
10101100110101111000000000111
11010110011010111100000000011
11101011001101011110000000001
11110101100110101111000000000
01111010110011010111100000000
00111101011001101011110000000
00011110101100110101111000000
00001111010110011010111100000
