01001111010001001000101111001
10100111101000100100010111100
01010011110100010010001011110
00101001111010001001000101111
10010100111101000100100010111
11001010011110100010010001011
11100101001111010001001000101
11110010100111101000100100010
01111001010011110100010010001
10111100101001111010001001000
01011110010100111101000100100
00101111001010011110100010010
00010111100101001111010001001
10001011110010100111101000100
01000101111001010011110100010
00100010111100101001111010001
10010001011110010100111101000
01001000101111001010011110100
00100100010111100101001111010
00010010001011110010100111101
10001001000101111001010011110
01000100100010111100101001111
10100010010001011110010100111
11010001001000101111001010011
11101000100100010111100101001
11110100010010001011110010100
01111010001001000101111001010
00111101000100100010111100101
10011110100010010001011110010
