01110010101001001001010100111
10111001010100100100101010011
11011100101010010010010101001
11101110010101001001001010100
01110111001010100100100101010
00111011100101010010010010101
10011101110010101001001001010
01001110111001010100100100101
10100111011100101010010010010
01010011101110010101001001001
10101001110111001010100100100
01010100111011100101010010010
00101010011101110010101001001
10010101001110111001010100100
01001010100111011100101010010
00100101010011101110010101001
10010010101001110111001010100
01001001010100111011100101010
00100100101010011101110010101
10010010010101001110111001010
01001001001010100111011100101
10100100100101010011101110010
01010010010010101001110111001
10101001001001010100111011100
01010100100100101010011101110
00101010010010010101001110111
10010101001001001010100111011
11001010100100100101010011101
11100101010010010010101001110
