01101011100100000010011101011
10110101110010000001001110101
11011010111001000000100111010
01101101011100100000010011101
10110110101110010000001001110
01011011010111001000000100111
10101101101011100100000010011
11010110110101110010000001001
11101011011010111001000000100
01110101101101011100100000010
00111010110110101110010000001
10011101011011010111001000000
01001110101101101011100100000
00100111010110110101110010000
00010011101011011010111001000
00001001110101101101011100100
00000100111010110110101110010
00000010011101011011010111001
10000001001110101101101011100
01000000100111010110110101110
00100000010011101011011010111
10010000001001110101101101011
11001000000100111010110110101
11100100000010011101011011010
01110010000001001110101101101
10111001000000100111010110110
01011100100000010011101011011
10101110010000001001110101101
11010111001000000100111010110
