01100001011001111001101000011
10110000101100111100110100001
11011000010110011110011010000
01101100001011001111001101000
00110110000101100111100110100
00011011000010110011110011010
00001101100001011001111001101
10000110110000101100111100110
01000011011000010110011110011
10100001101100001011001111001
11010000110110000101100111100
01101000011011000010110011110
00110100001101100001011001111
10011010000110110000101100111
11001101000011011000010110011
11100110100001101100001011001
11110011010000110110000101100
01111001101000011011000010110
00111100110100001101100001011
10011110011010000110110000101
11001111001101000011011000010
01100111100110100001101100001
10110011110011010000110110000
01011001111001101000011011000
00101100111100110100001101100
00010110011110011010000110110
00001011001111001101000011011
10000101100111100110100001101
11000010110011110011010000110
