01111000010100110010100001111
10111100001010011001010000111
11011110000101001100101000011
11101111000010100110010100001
11110111100001010011001010000
01111011110000101001100101000
00111101111000010100110010100
00011110111100001010011001010
00001111011110000101001100101
10000111101111000010100110010
01000011110111100001010011001
10100001111011110000101001100
01010000111101111000010100110
00101000011110111100001010011
10010100001111011110000101001
11001010000111101111000010100
01100101000011110111100001010
00110010100001111011110000101
10011001010000111101111000010
01001100101000011110111100001
10100110010100001111011110000
01010011001010000111101111000
00101001100101000011110111100
00010100110010100001111011110
00001010011001010000111101111
10000101001100101000011110111
11000010100110010100001111011
11100001010011001010000111101
11110000101001100101000011110
