01111000101001001100010001111
10111100010100100110001000111
11011110001010010011000100011
11101111000101001001100010001
11110111100010100100110001000
01111011110001010010011000100
00111101111000101001001100010
00011110111100010100100110001
10001111011110001010010011000
01000111101111000101001001100
10100011110111100010100100110
01010001111011110001010010011
00101000111101111000101001001
10010100011110111100010100100
01001010001111011110001010010
00100101000111101111000101001
10010010100011110111100010100
11001001010001111011110001010
01100100101000111101111000101
00110010010100011110111100010
00011001001010001111011110001
10001100100101000111101111000
01000110010010100011110111100
00100011001001010001111011110
00010001100100101000111101111
10001000110010010100011110111
11000100011001001010001111011
11100010001100100101000111101
11110001000110010010100011110
