00001101010110110110101011000
00000110101011011011010101100
00000011010101101101101010110
00000001101010110110110101011
10000000110101011011011010101
11000000011010101101101101010
01100000001101010110110110101
10110000000110101011011011010
01011000000011010101101101101
10101100000001101010110110110
01010110000000110101011011011
10101011000000011010101101101
11010101100000001101010110110
01101010110000000110101011011
10110101011000000011010101101
11011010101100000001101010110
01101101010110000000110101011
10110110101011000000011010101
11011011010101100000001101010
01101101101010110000000110101
10110110110101011000000011010
01011011011010101100000001101
10101101101101010110000000110
01010110110110101011000000011
10101011011011010101100000001
11010101101101101010110000000
01101010110110110101011000000
00110101011011011010101100000
00011010101101101101010110000
