00010100011011111101100010100
00001010001101111110110001010
00000101000110111111011000101
10000010100011011111101100010
01000001010001101111110110001
10100000101000110111111011000
01010000010100011011111101100
00101000001010001101111110110
00010100000101000110111111011
10001010000010100011011111101
11000101000001010001101111110
01100010100000101000110111111
10110001010000010100011011111
11011000101000001010001101111
11101100010100000101000110111
11110110001010000010100011011
11111011000101000001010001101
11111101100010100000101000110
01111110110001010000010100011
10111111011000101000001010001
11011111101100010100000101000
01101111110110001010000010100
00110111111011000101000001010
00011011111101100010100000101
10001101111110110001010000010
01000110111111011000101000001
10100011011111101100010100000
01010001101111110110001010000
00101000110111111011000101000
