00011110100110000110010111100
00001111010011000011001011110
00000111101001100001100101111
10000011110100110000110010111
11000001111010011000011001011
11100000111101001100001100101
11110000011110100110000110010
01111000001111010011000011001
10111100000111101001100001100
01011110000011110100110000110
00101111000001111010011000011
10010111100000111101001100001
11001011110000011110100110000
01100101111000001111010011000
00110010111100000111101001100
00011001011110000011110100110
00001100101111000001111010011
10000110010111100000111101001
11000011001011110000011110100
01100001100101111000001111010
00110000110010111100000111101
10011000011001011110000011110
01001100001100101111000001111
10100110000110010111100000111
11010011000011001011110000011
11101001100001100101111000001
11110100110000110010111100000
01111010011000011001011110000
00111101001100001100101111000
