00100011011110000111101100010
00010001101111000011110110001
10001000110111100001111011000
01000100011011110000111101100
00100010001101111000011110110
00010001000110111100001111011
10001000100011011110000111101
11000100010001101111000011110
01100010001000110111100001111
10110001000100011011110000111
11011000100010001101111000011
11101100010001000110111100001
11110110001000100011011110000
01111011000100010001101111000
00111101100010001000110111100
00011110110001000100011011110
00001111011000100010001101111
10000111101100010001000110111
11000011110110001000100011011
11100001111011000100010001101
11110000111101100010001000110
01111000011110110001000100011
10111100001111011000100010001
11011110000111101100010001000
01101111000011110110001000100
00110111100001111011000100010
00011011110000111101100010001
10001101111000011110110001000
01000110111100001111011000100
