00101001100011111100011001010
00010100110001111110001100101
10001010011000111111000110010
01000101001100011111100011001
10100010100110001111110001100
01010001010011000111111000110
00101000101001100011111100011
10010100010100110001111110001
11001010001010011000111111000
01100101000101001100011111100
00110010100010100110001111110
00011001010001010011000111111
10001100101000101001100011111
11000110010100010100110001111
11100011001010001010011000111
11110001100101000101001100011
11111000110010100010100110001
11111100011001010001010011000
01111110001100101000101001100
00111111000110010100010100110
00011111100011001010001010011
10001111110001100101000101001
11000111111000110010100010100
01100011111100011001010001010
00110001111110001100101000101
10011000111111000110010100010
01001100011111100011001010001
10100110001111110001100101000
01010011000111111000110010100
