00001101011010110000101110001100110100
00000110101101011000010111000110011010
00000011010110101100001011100011001101
00000001101011010111000101110001100110
10000000110101101010100010111000110011
11000000011010110101010001011100011001
01100000001101011011101000101110001100
10110000000110101100110100010111000110
01011000000011010110011010001011100011
10101100000001101011001101000101110001
11010110000000110101100110100010111000
01101011000000011010110011010001011100
10110101100000001100011001101000101110
01011010110000000110001100110100010111
10101101011000000011000110011010001011
11010110101100000001100011001101000101
01101011010110000001110001100110100010
00110101101011000000111000110011010001
00011010110101100001011100011001101000
00010110011000111010111001010010100111
10001011001100011101011100101001010011
01000101100110001111101110010100101001
10100010110011000111110111001010010100
11010001011001100010111011100101001010
11101000101100110000011101110010100101
01110100010110011001001110111001010010
00111010001011001100100111011100101001
00011101000101100111010011101110010100
10001110100010110010101001110111001010
11000111010001011000010100111011100101
01100011101000101101001010011101110010
00110001110100010110100101001110111001
10011000111010001011010010100111011100
11001100011101000100101001010011101110
01100110001110100010010100101001110111
10110011000111010001001010010100111011
01011001100011101001100101001010011101
00101100110001110101110010100101001110
