00000111110101111100000100111010010010111001
00000011111010111110001010011101001001011100
00000001111101011111000101001110100100101110
00000000111110101111100010100111010010010111
00000000011111010111111001010011101001001011
10000000001111101011111100101001110100100101
11000000000111110101111110010100111010010010
11100000000011111010110111001010011101001001
11110000000001111101011011100101001110100100
11111000000000111110100101110010100111010010
01111100000000011111010010111001010011101001
10111110000000001111101001011100101001110100
01011111000000000111110100101110010100111010
10101111100000000011110010010111001010011101
11010111110000000001111001001011100101001110
11101011111000000000110100100101110010100111
11110101111100000000011010010010111001010011
11111010111110000000001101001001011100101001
01111101011111000000001110100100101110010100
00111110101111100000000111010010010111001010
00011111010111110000000011101001001011100101
00001111101011111000001001110100100101110010
01001110100100101110010100000111101111000001
10100111010010010111001010000011110111100000
01010011101001001011100101000001111011110000
00101001110100100101110010100000111101111000
10010100111010010010110001010000011110111100
11001010011101001001010000101000001111011110
11100101001110100100100000010100000111101111
01110010100111010010011000001010000011110111
10111001010011101001001100000101000001111011
01011100101001110100101110000010100000111101
00101110010100111010011111000001010000011110
10010111001010011101000111100000101000001111
01001011100101001110101011110000010100000111
00100101110010100111011101111000001010000011
10010010111001010011101110111100000101000001
01001001011100101001111111011110000010100000
10100100101110010100110111101111000001010000
11010010010111001010010011110111100000101000
11101001001011100101000001111011110000010100
01110100100101110010100000111101111000001010
00111010010010111001010000011110111100000101
10011101001001011100101000001111011110000010
