00100111100100010011110010
00010011110010001001111001
10001001111001000100111100
01000100111100100010011110
00100010011110010001001111
10010001001111001000100111
11001000100111100100010011
11100100010011110010001001
11110010001001111001000100
01111001000100111100100010
00111100100010011110010001
10011110010001001111001000
01001111001000100111100100
00100111100100101100001101
00010011110011010110000110
10001001111000101011000011
01000100111101010101100001
00100010011111101010110000
10010001001110110101011000
11001000100110011010101100
11100100010010001101010110
11110010001000000110101011
01111001000101000011010101
00111100100011100001101010
10011110010000110000110101
01001111001001011000011010
