0000000011100000100100100000100000110001000000000000000000000110101100010001011001010011000100010001110000100100
0011000100000010110000010010010000010001000000000000000000010001110010100100010001000011010100011000001101000010
0100100000100001000000101001001100000100000000001000000011001000001100000001101000100001001000100101001010101100
0100010100000000001100100100101010000000001100000100101100001100001000010000101000000100000100100110100000010100
0010000000010000000100000010111010000001000111000010000100000010100011001000000101010000000110000010100001110010
0001000001010000000000011000000100101101010001000000000010010010000010000000001111100001000000011001000001111001
0000000001001000000100011000010110000001101011001000000000001001000100010000110000000001010101001100000000110110
0101000011100000000000000001000100000000110011111010000010000010000100001010000100011000001111000001010000100000
1000000100010100010000001000011000000000001010000101000011000000000010100000100010100001000000101110100111010010
1000011100000011000001100010001000000000000100000000001101101000110001101100000000000000001000100010001011001010
1010000100001000000000010100000010001000000001000001011100000001010011010110000011000100000000001110000000011011
0000110010000000101000110000000000000000000000111000001000001001011101110110010000000110001101000101001000000000
0000001000100000111000001000001000000000000100100100001010010010101010100000001100001000001110110001101001000000
0000000010000010000000000001001110000011000001000000001100011101110100001000001101001100000100001001001000001100
0100000001000100001000001000100011001000000010101001000000000010001011010011010000100000000010100101100000110001
0010000001000000001000000000000001000001010010000100000100000101000010110010100110011110000101011001100100010000
1100000000011000000001000011000111001000110010000000100100001100000000001010100100100000000000101010000010111000
0100000010001000000000100000100001100101010101001000000101101000000001011100000000010100000001000001000000111101
0001000000011011000000000001010000110000100001000001010011000000100100001100000001010001000000001010010010101110
1001101000000000000000000001000001010000010000101001000011010000010010101110000000101100000000101001001100001001
0000000000000000000000000001100000001000010011100100000101001000110010010100001000000011011100101111010001100000
0000000001000000100000000101111000000100000001011101000010010001001010000100000001010101000110000101000100010100
1011000001010000010000001001010011001010100011100101010000010001100010000000000100001000110010001000000000000000
0100011000110000000000000001101001000010000010000101000101100100100000001001000000011000000010100001110110000100
0010011010001010000000100111100000010000010000010010100100000100010000001110000001010110000100000010010100000000
0001000000100000000001001000010001100011000010100000000001001000100101101000010100100010000001001001101011100000
0100100001000000100000001000000000100010001001100101011011000000000100010000001010001100000001001101110000000101
0010000100000100101111111000000000100001001100000000001000100010000001110000010010000000000001010000100001010011
1001100000000010010011011000000100000000100000000000011010000001000100100010100110001000001001011000001010001010
0100101010000000001001100100000100001000010000000000001100100110010000010011001010001000001000110001010000001001
0011100011001100000001010000000001111000110000100000110000000000000000010110010000000010010001011000010000100001
0010011100000100100000000000110001110000000100100101010001000000101011110100000000010110100000000010100000000000
0001101000100110100000100000000000100100010000010100000011100000000000100100000010010011001001010001010111000000
0000000000000011110100110100001100000000001001010010001010000010010100000000001011000001001100000110010001000010
1000010000000000011000000111001110000000000010001010000100000001010010000011100000001000011110100100001100000010
1100000000000000001100001000001100001110000011010100001100101001000001000000000110000000001011000101000011010000
0000010000100010100010100000011000010001001100001010000011000000000100101000100000011100000101000000101100000110
0010010000000000010001000000000010010000101010100001001000000110110100111010010000001000000100101010110000000010
0000000000000100000000110110000000010000110100001000000010000010001010110110100000010001001100110010000000111010
1100111000000101010000000101000000001000100000110101111010000000001000000110000000000000001010100110010010000000
0000001100000000101000100000101000000111000000000010000101000000010011000001001011100110000000000101101101000001
0000010100000001110110001000011010000010000000000001011000000001101101000001010001000000000010000100101010000110
0001001010000000000000000011000001001100000000000000010100000001101011000111000101010010001010010001001010101000
0001100001001000010000000001000100001010000010010001000000000101010100000011010011100011000000001101010110000000
0000101110000011100010110100000000110100000100000000111010010000001000000100001001000100000000010000001000001101
0000111100100100011011100010000001010000000000000000100000000100001000100011110000100010000000110000101110000000
0000000100011010000110100110001100000101000000000000000100100101000000000001100011010001000000010000000110011110
0000000100010000000001001000000011010001000100000000010101000000100010010001101000001000010000111000101000101111
0010001100010010010101000000000000101010000000000100111100000100100000000000001111000010000000011010110011000000
0001000010001001000011110010000110010001000000001010000000000010010101001011010001100000000000000000001000101011
0000100100000000000000001000000001101000100000000101001000111101101000110100010000000001000000111001000010011100
0000000010100010001101110010000100000101010100000010100100001000000000000000101100000010011101010000001001100000
0001000000000000100000001000001000000001000011001001000001100011110111110001000010011001101000000001000000001010
0000000000100000001000100010101100000001011010011000000000111110010000101000010000100001000100100001000101010000
0001000001111100000000000011110001010101010010001010000001000000000010000001100000110011110000000000000100100000
0001100001100101110010011000010000110000101000111001000010010010001100100000010000100001100000000000000000000000
0010010110001000001101000010100011001011000010000000000100101101110001010001010000000010110000000000000000000000
0010000011000000011110010110000110001000100000010000101000010111001000000010010101000000000110010000000000010000
0000000001000000010000010001010010010000000000100010110010000000001110000010101101100110000100001110101000100000
0100010000001100000101100000000000000000000010000010010101000000000101010011100010010010001001000110110010100010
0011001001010100110010000100000000010000000000000011010010000010000010000011000011011000000010010000110100000011
1001000000000101100000011000010000000100000101101010010011000000000011000100000000000000011011000100001001100011
1000110100001010000000000001010001000110000000000100110101001001000000000100100000000110010001001100001110000100
0100001000110101000001100000100000110000011100100010100011000010000000001000001000100000000000100010110001100001
1100100001001100001010110100000100000100011000011010100010000000000000000010100010100100000001000100000100010001
0100000001110100000110001000010001100100100100000100110010000000001000000000100100010000000011010000100010110100
1011000000011010000001000000000100000011011011000010000101100000010000001000000010001000010001001000010101000011
1010001100010100001000000110100001001100010100000100100100110000000010000100000000000000010010110000000101010001
0100110010101011000111100000000100100010101000010000101000101100000100001000010000000000000001000000010010000100
0000100001110010010000000101000100010000111000000100100010010100000000000000101000001001010100111000010100000100
0100000011011001000100000101100110001110000001000010110100000000000000000001001001000000010010000100010000100101
1001001000110011010010000011011100000110000000010010100010010000000000001000000101100000000010000000001111000000
0000100101000100111100011100000000001100000000000100010000000001001010010001101010000011111000010100000000000000
0100000001110000011111001000001110000011001010000010000000000110000100000001101110101000100000000000100000000000
0000000100110011100100001000111000100111001101000100000001111000100000000000001000000001110000000000000001000100
1010000000000010000000010000010000100000111101110100101010011000000000101100000100000100000101001010000001010000
0011001010000001100000000000100000101010000001110001001000110010110001001100010001000000000010000001010001000001
1100001000010010000000000101001000000100010101000110010111000000000010000000101110011100101000000010000000001000
1011010000001100000010000010010001000000100010011001000000100001000001101110010000010000000011000000000110010010
0000110100001101100000100100100000010000001000001001000001100000010000010101010000000001010000100100010100000111
0000010010100001000000000011110011010000100100101000100000011000101000001100010000000000010110100000001000100100
1100110000100100001001001000000001000000111110101100000001101000000000110000100000001000111001100000000000000000
0010010010000010100100000100000000000000100101000100011100100001100000010100000000011000011111010000010000000110
1000100100000001011001011000000110001010001000100000101000011000010000000000011000100000010000101100001001000001
0000000100001101000100110010110000101100000000010000100000001000001001000100010001100011000000000110000011110000
0001000000110101010101001010000100001000100010000000000000100010100000000001010000000001011010110000010011100010
1100000000010001000010001100001110000000101101001001001010110010000000001000000000001000000010100000000000011111
1110011010000000001011000000000011000010000100100010111100000000000001001010000100001100000011000000101000000001
0000000000000000000000100000000100000000000000000000101110000000000000001110010001000000000111111101111111110111
0100001000000000000010100000001000100000000000010001001010000110001101101010000111110100000000000011100010011000
0010000101011000000010000000110011110011001000000001100000010100000000001000010001100100000000001000100100010101
1101101100011101000011001000000001101110000000000001010001100000000001000001000010100000100000000000000010001001
0000100100001010000001110000000000110001011000000000000001001100010100110000101010100111100000001010000000001000
0000001100010001010000000111101010011000000000000001000000010110111010000001001001100001100000100010000000001000
0011000011001010100110010000010000100111000001010010010000000001000101000000000111010110100001000000000000000000
1100010000001001000000000001111010000010001011111011000001001000010101001000000000100100100000000110000000000000
0100011010100101101110100110101000000100000100011010000000100010001001000001000000010000101010000000000000000000
0011001010110010000011000010000001110001110100000000000000110110100000101000000100011000100000010000000000001000
0001100011100000101010001000000101000111000000001000000000110001000000000001010000001000010011010001001100000101
1010010100011111010111010110010010010000101100000010110000000000000000000000100000000000110000000010000000000010
1001100010001011000000010111000100001100110001011000000000111001010000000100000000000001111000000000000000001000
1000000100000000001010011010011011000101000100001000000000011001001011100000100100100100100000000000001000011000
0110000001011100000100000100100000101000111011010101000000100110000000010000000010010001100000000010010000010000
0100000010000001000101011000000010101000100101100000011000001010101101010000001100000000101000000010000000101000
0010000011000000101000010100100010010001011101101010000000010010010010010000001000001100110100000000000000000001
0100110011001000000010000101000011010000100000001001010000000101001100010011100000011100100000000000000000001100
1010111100000010111010000100001000000010001000010101001000110101010000100000000010001100100000000000000100000000
0001111010100011110001000001000000010010000000100010010001000000110100000001001000001010111000000000011000000000
0010010001100100111100000000110000000010001010110110100000000000000000000000010000000010010111000100110101000000
1011001000000100011001010010000000001000010010110010000000000010010011100010000110100010101000000010000001000000
0100101011100000001000000001100001101110010000110100100000011100001000000000001100100110100000000001000000000000
0000010000100010010100000011011000000000100010010100000000001101101100100000100100010011101100000010000010000000