001100000000101001110010100000101000000010100000010100000100000000001000000000100001000000001000001000000000000001000000000000000000000000010000100000001001000001000000000000000000000000000000000000001000100000000000010000000000000
001000110100000000001000010000000000010110001001000000011010000000000000000010010000100000011010000010000000000000000100000000000000000000000000000000000000001000000001000010000000000000100000000000000000010000101000000000000010000
110101110001011000000000100101100000100010001000010000110000000000001000000000010000000010001000000000000000000000000110000000000000000001000000100000000000000000000000000010000000000000000000000100010000000000000000000000000000000
101000001001001000010110001100110000100010000000000100000001000000100000000001000000000010001000000000000000000000000001100001000000000000100000000000000100000000000010010000000000000000000000000000001000000000000100000000000001000
000001100010010100011000001000000000000000000100000010000001010000000100010000100000000000000001010101000000000000000000000000000000010010000000000100000001000000000000000100000000000000000000000000000110000010001000000100000000001
001010110011110100000001000011000000000000000000101001100000010000010000000000101000000010000000110000000000000000000010000000000000010000000000000000000000000000000100000101000000000000000000000000010000000000000000000000000100000
011011010010010100000000000001000000010110000010000000110000000000000100010000000000000000011000010000000000000010000000000000000000100000000000000100000000010000000000100000010000000000000000000000000010000000000001000000001010000
011001100000010010000001000001000001001010010001100000111000000000010000100010001000100100001000000000000000000000001000000000000000001000000000000000000000000000000000000000101000000010000000000000000000000000000000000001000000000
000100000001000001000100000100010000010000000010000000000001000000000000100000001000000000000110010000000100000000000001001001000000000000100000000001100000001000000010000000000000100000000010001000000000000100000000010101000000000
010000000010100000001010000010001000000000001001000000000010000001000000000000010000100000000010000010000010000010100001100000100000000000000000001000100010000000000000000000000001000000000001000000100000000000100000000000000000101
000011100100110100000010000010001100000000000000000001000000000000000100010000000110000000000000110000000000000000000001100000100000000000000000001100000000000000000001000000000100000000000011000000000010000000000010000000000000010
001101001000001000000100010110010000100001000100001001100001000000000000000000000000010010000010000000000100000000100010000000000001000100000000000000010000000000000000000000000000100000000000000000010000000100000000000000000100000
100001000110000100000011000010001000000000101000000101000100000000000000000000001000001001000000101010000010000001010000000000000010000000000000001000101000000000000100000001000000000000000000000000000000000000000000010000000000000
001011110010000100000000101001000100000000010000000010100000000000000000000000000000000100100001010100000000010000001001000000000000001001000000100000000000000000100000000000000000000000000011000100000001000000000000000000000000000
101100000001000000000000000100100100100011100100000000000000000001000011000000000011010010001000001100000000000000100000000000000000000000010001000000000000000000000000000000000000000000000000110000000000000000000010001000000000001
000011100010110000000000001010000010010000100010000011000000000010100001000001000000001000010001110100000000000001010000000110000000000000000010000000000000000000000000000000000000000000000000000000000000000000000001000000000000000
000000010000000000000101000100000000001000000000100000001001000000001100000100000010100000000000000000000000000001001000000010000000001000000001001010000000000100000000001000100000000010010000000000000000100010000001000010000000100
100000001000000000100000100000001000011000000010010000000100000100000000000000100001000000000110010000000000000000000000001000000000001000010000000001000010001001000000000100000110100010000000000000000000000000000100100000000000000
100000000000000001000100110000001001000100000000011000000110000000110100000000100001000000100001000000000000000000000000000000000000000000010010000000000000000011000000000000010001000100000000000000000000001000000000000011000000010
100110000000000000001010001000010000000010000000000110000001000000000000000000100000000000000000000001001000000110000000000000010000010000000000000000000001000001000001010000101000001001000000000000001100100000000000000000010000000
010010000100000000010000001000000000000000001001000010000011000000000010000000110000100000000010000011000000100000000000010000000000010000000000000000000001000000000000101000000010000000000000100000000100001100100010000000000000000
000100001001000010100000010100010000000100000000001001000011000000000100000000000000001000100000000000000000000001001001010001000000000000100000000000010000000000000010000000010000000110000000000000000000000010000000000010000000100
100100000110100000010000000010001000000010000000000100000100100000000000000000000000000000000000000000000000000000000001100001100000000100000000001000001000000000000000100000101000000001010001000000001000000000011000000000010001000
000001010000100010000000000001000000001000000100100100001101000001010000001000001000100001000000100000000000000000000000000000000010000000001000000001000000000100000100011001000000000000000100010000000000000000000000000010000000000
101000000000010001100000010001101000000000000000010010000100000100001000000100000100000000100011000000000000000100000000001000000000000001000100110000000010000010000000001000000000000000000000000100000001000000000000000000000000000
010000000001000000100100100000010000000101000100001001001110000000000000000110000100000000110001000010000000000100000000000000000001000100000000010000010000000010000001000000000000000000000000000000000000010000001000000000000000000
000110000000010100011000000000010000000000010000000110000001001000100010000001010000000000000001000110000000011000000000000010000000001000000010000000000100000000100000010000000010000000000000000000000100000000000100000000000000000
001100001001001010000100000000010000100000001010000000000001000010000101100000000010000010000100000000000000000000000000000000000000000001000001001010100000000000000000000010000000000000000000100100000000000010010000000010000000000
000001000111100100000010000000001000000000000001001001000000100010000000000001000000010000000010100000000100000000100000000100000000000000000010001000000010100000001000000000100000000000010000000000010000000000000000000000010100000
001001110000010000000001100000000000000000000000100000100000100001010010001000001000000000000000000000000000000110000000011001000000000001001000110000000010000000000000110000010000000000000000000100000000000000000000000000001000000
101100000000001000000000100000000000000010000000010000000000010000001000000101000100000000001000100000000010100000000000000100000000000010100100100000000100000000000010001000000000000000001000010000100000000000000010001000000000001
000100001001000000010100011100000000000000010010001101000001001000000000100010000100000000000100000000000000011110000000000000000000100000000000000000110000000000000001010000000000001000000000000000100000000000000000000000000000000
100000000110100001100010100010000001000000010001010100000100000100000100000000000010000000000010000000000000001000100000001000000000000000000000001100001010000000000000000000000000010100000000000010000000000000000000000000000000010
000000000010011000000000000000000000000001000000000000000000000000000010000000000010010100100000011000000000000000001101000000000010000000010000000000000000100100000001010000000000001000100011100000000001000000000010101000000000010
000000000000000100000000000000000000001000100010110010000000000010000001000000000000101000010000000100100000000000000110100101000001000000000000010000000000000000000000000000000000001100000000000001101000000101000000000000100000010
000000010000000000100000000000001000100001010001010000000000000000110100100010001000000100000000000000000000000000110000000000011000000010000000000000000000000000000000000000001000000100001000000010000100001000000001000001000001010
001100000001001000000000000100000001001001001100000000000000000000100000010000000000010011000000000001100000000000110000100000010000000001000000000000000000000000000000000010000100000000000000000110000000001000000101000000000001000
010000101000000101000000000000000000000110000010000000000000000000100000001000000000000000010110010000000000000001010000001010000100000000000000000001000000001000000000000000000000100001100000010000000000000000100001001000010010000
000000010000000011000001000000000010100000000110110000001100000000000000010000000000110001000000000001100000000000001000100100000000001000000000000001000000000000000000000000100110001010000000000000100000000000000100000000000000000
010000100000000000100100010000000000010010000000001000000010000000000100010000000000000000110000000010100000000000000000000000000000000000000000000000000000100000100000000001010000000101000000010000000000010000000100011010011010000
111100110000001000010010000000100000010100000000000100010000000000000000000000000000000000011000000000010000000000000000000000000000000000000000000000000000000000000000000000101000000011000000010000001000000000000010001001110010001
000000000001001000000000010000000101100000000100000000000000000000000010000100001000010000010000011010000000000000100000000000010001000100010000010000010000000100000000000000001000000000001001000010000100000000000001100000000000000
100000000000101100000000000000000010000000000000000011000000000001000001000010000001101000001000001100100000000101010000000000001000000000010001000000001000000000010000000000000000000000000000001000000000000101000000010000001000000
000000010000010000000000001000011001000000000001000100100000001000000000100010000100000100000100000100000000111000101000000000000100001000000000000000001000000000100000000000000000010100000000010011000000000000000000000000000000000
011000000100100000001000000100000000100000000000000000010010000000000000000000110000001001000100000011000010100000010100000000000010000001000000001010100000000000000000000010000000000000000000000101000000001000000000100000000000000
000010000001001000000001010000000000101001000000000000001100000001000000011000000000010001000001000101000000000000100000000000000001000100000000000101010001000000000000000000000000000000000100010000000000000000001000000100000000001
000000101000000101000000000100010010011000000000010000000100000010000001100000000000000000010100010000000000000010000000000100000000100000000000000001100000010000000000100000000010001000000000100000100000000000010001000000000000000
010000010100000000001000000010001001000000010000000000001000000010000000100011000000100100001010000000000001000000100000010000000000010000000000000000000011100000001010000000000000000100000000100010000000000000100000000000000000000
000001010000000010000001000001000010001000000000001000001000010000010010000000101010100000000000000000100000001000000000101011000000000000000000010010000000000000000000000000000000000000000000000001101000100000000000001000000100000
101000000000000001100000100000101011001000000010000000000100000000001100000000010000000000000000000000000000000000000110000100001000000010000000100001000000000000000000000000000010001100001000000000110100000000000000000000000000010
000001000001000000100100010010010000000100000000100001000010010000010000000000100001000000100000000000100000011000000000000000000000100000000000000000010000100000001000000000000000000000010000000000110000001000000000001000010100000
100100000000100000010011001000011000000010010000000000000101001000000000000000000000000001010000000000010000011000000000000000000010000000001000000000001000000100000100010000000000010000000000000010001000000000000000000000100010000
000010000000010100011000101000000010000000100000000000000001000100000001000000000000101000100011000100101000000000000000000000010000000000000100000000000000000000000000001000001000000000000000000100000101000101000000000000010000000
000001000011100100000100010010010000000000100000001000000000000000000000000010000100001000000000100000010000000101010000010000001000000000000000000000010000000000010001000000000110000010000000000000010000000000000010000000000100000
001001110001010000000000000001000000000000010000000000000000000000000000000000000000000110000000000000001010100010001010000000000101001100000000000000001000000001000000100000010001110000000000000000010000000100000000000000001000000
011000110000000000000000000000000000000010001000000000000000000100000000000000010000001000001000000000000100001000000100000000000010100000000010000100010000010010000000000010101000000010000100001001000010000000000000100001000000000
010000010000000010000001010000000000001000000101100000000100000000000000000011000010100001001001000000001001000000000000000010000000000100000000000011000000000000001011000000000000000000000010000000000000110000001000000000000000000
100000000000100001100011110000001000001000000110010100001000000000000000000000000000000001100001000000000000000000000000000000000010000100000000000001001000010010000100100000000010000000000000100000000000000000011000000000000000000
010000000100000000101100010000000000000100001000001000000000000001010001000000110001000000110000000011000000100000001001000100100000000000101000000000000000000000000000000000000000010000000000000000000000011000000000000000000000100
000110001001000010011101001100010000000000000000000110000000000000000100000000000000100000000010000000000100000000000000000000000010000010001000000000000000000100000000011000000000100000000000000000000110000110000000000010000000000
000000000000000000000010000011000000000000000000000000000000001000000010001010000000010000000100000000000100000000000000010101000000000010011010101000000000000000000000100100110000000000010000000100000000010001001000000000010001000
000011000000000000000000000000100000000000000000101000000000000000010000000100100000000000000000010000100010001000000000000000000000010010000100000000001100000000000010000110000000000000100000001010100000000010011000001000000100001
000000000000000000000000001000010000000000010000000100000000100000001010110010010100010001000100000000000000011000000010000010100000000000010110000000000000000000000100000100010000000000000000000000000000000001000000000000100010100
000000000000000001000000100000001000000000000000000010010000000000000001000000000010001010000010000000001000001000000000001000000000100000000100000100010010000000000000001101001000010010000100000000000001010000000100100000000001000
000000000000000100000000000110000010000000000011000000000000000000000001100001000000000100010000100000000000000000000000000100000001000001000010010000000011100001001000000010000000000000000100100000001000000010010000000010100000000
000000000100001000000001000001000000000000100100000000000010000000010001001000010001000000000000000100000000000110100001000000101000000000001001000001000010000000000000010000000000000000000100011000000000000000000000000000001000101
000100000000000100100000001000000001110000000000000000000000000000010000001001000000000010000001000000000000000001010000100010000100000000000010000000000100000010000000010000000001000000100000000000000000001000100101000001000001010
000001010000000000100001000001000001000000000000101000000010010001100001101000101001000000000000000000000000000000000000000000100000000000001100000000000100000000000000010000001000000000100000000000000000001000010000000001000100010
101000000000000010000000100000100000000000000000010000000000001000000000110100010100000000000000000000000000000001000110000010100000000000000100100000000001100100000000001000000000000000010000000000010000100000000001010100000000100
000010100010000010100100000100001001000100000000010000000001000000000000010000000010000000000000000000000000000000000000000000001000000010000001001110000000000000000000000000010000000100001000000000000110000010000000000010001010010
000000000000001000001000001001000100000001000000100000000000101000000000000000011010010000000000001010000000001000000000011011000000000000010010010000000000000000000000100000010010000000000000100000000100000000000010001000000000000
000000000000001100000000000100000010000000100010000010000010000111010000100000000011001010010000000100001000000000000000000100100000000000001101000000000000000000000000000000001000010000000000100000000000010000010000000000000000000
000000011000000000000000000100010001000000010011000000000000001010011001010010001100000100000100000000000000000000000000000000100000000000000100000000100001100000000000000000001000000000000000100000000000000000010000010101000000000
000010100010000000000000000000000000101100000100000000000000001000001100100000000100010001000000000001100000000000000000100000100000000000000100000100000001100000000000000000010100000000000000000000000010000000000100010100001010000
000000000000000000000001000001000000010000000100000000000000100001110000000000000000000000000100000000000000000001000000010000000101000000001000101101010101000000000000010000000000000000100100010100000000000001100000000000010000010
000000000000000010000000110000100000000001000000000000000000010000001000000000000100000000010000010010000010000100000000000000000001011000000101011000000100000110000010001000100000000000010000001010000000000000000001000000000000000
010000010000000000000000010000010001000000110001000001001000101000000000100000000100100100001100000000000000000100010000000000001000000010010000000000000000000000010001000100000000000000000000000000000000010001001000000000000001000
000100000000000100000000001010100000000000000001000000001000000010100000000000000000000000001001100000000001100000000000000110000000000100100010000010000110100000001010010000000000000000001000000000000000000000000100100000001000000
100011000000000001111000000000000000000000001000101000000010010000010000000000000001000000000100010001000000100000000000000000000000010000010000000010000001000001000000000100000000000000000000000001001000101000000000100000000100000
011000000100000000001000001000000000000000001000010000010010001001001010000000000000000000000000000010000000001000000111000010101000000000000010000001000000000000000000000010000010000000000100001000010100000000000000000000000000100
000001011000100000000001000001000001000001000000100000000000000000010010100000000000000000000000101010000000000000000000001001010000000000100000010000100000001000000100000001001000000000001000000000000100000000000000010101000000000
000000000010000000000000110000110000000000010000000001000000001000001000110110000000000000000100100000000000100100000000100000100100000000000100010000000000000010000001001000000100000000000000010001000010000000000010000000000000000
000000000010001010000000000100001100000000000000100000001000000100000111000000000000000010000000000000001000001000000000001010000000000000000001001110000000000000000001000000000000010000000010100000000000110000000010001000000000010
100000000000001001100000000000000000000000100000001000000010000001010001000000100000000000001000001100000001010000000000000000100000101000011001000000000000001001001000000000000100100000010000000000000010001000000000000000000000000
010000010100000010001001000000000010001000100001100010001001000000000000000010000000000000001010000000100000000000000000100000000000000000010000000000000000000100010000001000000001000000000001000000100000000101100000000010000000000
000000000001001000000000000010000100101001000100000000000000101000000010010000000000000001000010001001000100000000101000000100000000000000010110000000000000000000000000000000110000001000100000000000000001000000000000000000000110000
000000000000100100000100000000000010000000101000000011010000000100000001000000000000000001000000000100001010000001010100010001000010000000000100000000010000000000000010000000011000000110000000000001000000000000000000100000000000000
000000010000010000000000000000000101000000010001000000100000000010000000100010000000000000100000000000000010000000011001000000001011001010000000000000000001100001000000000000000000100000000100100000001001000000000000001000000001000
001101000001001000000000000100000000100000000000000000100000000100100001000000000010000000000000000000001000000000000010100000000100010000000001000000000000000010000100000101000001010000000000100000010000010000100100000000000001000
000000000000100000000001000000000000101000001100000100001100001000000000010000000000011000000000000001001010010000010000000000000010000001000100000001000000000000001110000000010000000000000010000000000000001000000000000000100010000
000000000000010000100100110000000100000100000000001010000110000000000000000000000000000100000001000000100000000000001001000000010010000000100000000000000000110010000100000000000000000000000000100100000001000001000000001000010000100
010000100000000100000000010000000010010111000010000100000010000010000001000100000000000000000000010010010000000000000000000100000001000000001000010000000000000100000000000000000000010000000000000010001000010000000001000000100010000
111100110000001000000000000000100000000010100001000000011000000000000000000011000001100000000000001000000001000000000000000000000000100000110000000100000100010000011010000000000000000000000000000000000010000001000000000000000000000
000000001000000001000000000100010000010000011010000000000000101000000000101010100100000000000000010000000000100000000000000000000100000000010000001011100000000000000000000100000000000000000000010101000000000001000000100000010000000
010000001101000001001000100010001000010000000001000010000001000100000000000000000000110000000000000000000100000000100000001000000000000000000100000000000010001000000000001000000000100000100000000000000001000100100000000000000110000
000010000000010100100000111000000000000000000100000010001100000000100000000001000000000000100000000100010001000000000000000010000000000100000010000010100000000010000000000000000001000000000000000100000001000000001000000101000000001
000001000010100100000001000010100000000000000000000001000000000010000000000001001100000000000000000000000000100000000000000100010000000000100010000000000000001001000101001011000100000000001100010000000000000000000010000010000000000
000011101010010101000000000000000100010001000010000000000000010000000000000100100000000000010100000000000000000000000001000000000000010000010000000001000000000100000010000100000000000000000011001010000000000000000001100000000000000
100000000000101000000000000000000100000001100000000000000000000000000010000000001001010000001000000010000001000001001000000000000100100000010000010000101000000000001000000001000000001000100000000000000111000010000000010000000000000
000010000000011100000000001000000010000000110100000010000000000001000001000000000001001000000001000000000000010000100100000001000000001000000001000000000000001000100000000000000000000100010000010001000000000000001000000100000000001
010000000100100000001000011000000000000101001000000000000010000000000010000100011000000000010000001000000010000000000000000000000001001000000000011000100100000000100000000001000010000000000000000000000100010000000100010000000000000
000010000000000000011000000000000000101000001100000000000010000000000000010000100000010001000000000000000000100100011000001100000000010001100000000100000001000000010000000000100000011001000000000000000000001000000000000100000000000
000000000000000000000000000000000010101100100000101010000000010000000000010000000000100000100000000000000000001000000000100000010000000000000000000000001000100000000000000010000100000000000000001110100000000101000100011000011000000
000000000000000000000000000000000000000010000000000101000000000000000000000000000000000000010001000000000001000000000000010000001000000000001000000010100000000100010000000000000111010010000000000110011001000000000010000101100110001
000000000000000000010000000000000000000000000000000010101000000100000001000000000010001011000000000000000010000010000000000000010100000000000100000001000000000001001011000000011001010000000010000000010100110000000000000000010000000
000000001001000000000000000010000000000000000000000000010001100000000000000000000000010000000010000000000000000000100000000100000010000010001010100000000000010010100000000000100000100000000010001001000010110100000000010001000100000
000000000100100000000000000000100000000000001000000000100000010000000000000100000000001101000000000010001000000010010000000000000011001010000100001000100100000001000010000000010001100000000000000000100000000000000000001000000000001
000000000000000000000000000000000000000000000001000000001000000000000000000001000001000000001001001000010000000000000010010010100000110100001000000010100000000000001010000001000100101101000000000110000011000000000000000000000000000
000000000000000000001000000000100000000000011000000000100010000000000000000001100100000000000100100001000000000000001000000100000100000100100000000010001000000000000000101000000000010000001000010001000000001100000010100000001000000
000000000000010000000000001000010000000000010000001100000000001000000000000000000001000001000000000100000000001000000000000000000000101001000001100000010000001000101100000000000000000000011011000000100000001000100000000000100010000
000000000000000000000000001000011000000000010000101100010000011100000010000000010010000000000000000000100000010000000000001010000000100000000010000100011000000000000000000010000000010000000100001010100000000000000000001000000000000
000000000000000000010000110001010000000000100000000001000000000001000000000110000100000000000000000001000000000010010000001000001000010001000001010000000010000010010001010000100000001001000000001000000000000000000000000000001000000
000000100100000000010000000001010000000000000010000000100000000001000000000000000000000000000000000000001010000100100000000000010000100000000000000000100010010001000001110000010001001000000000000000100000100000000001000000001000101
100000000000100110000100000000000000010000100000000001000000000000101000001000000000001000000000001000000000000000011000010010000100000000000000100000011001000000000000000000000000000010100000000000000000100010100001010000000000100
000000000101001000000000000010001001100001010101000000000000000001000000000000000000010000000010000100000100000010000000000000010000000000000000000000000010010000100000000000000000000100000000010011000000100000000001000000000100101
000000000000100100000000000000000001110000101000000001000000000000100000000010000000001101000000000001000010000101000000001010001010000011000000000000000000000000010000000000000000100001000000000000000000001000000001001000000001000
000000010000010010000100000000000100001000010000000000100010000000000000000000000000010100100000001001000000100001000001000100000100001000100000000000001000000000000000000000100000011010100000000000000001000010000000000000000000100
011000000000000000000000000000000110000000001000010000010000000000001000000000010000001000000000000100000000000000000010000001000010000000000000000000000000101100000001010010000000001100110000000001010000000000001000100100000000010
001001000001000000000000000000000010000000000000010000100000001000001000000000010000000010000000000000000001000000000100000010100001010100000000000000000000000000000100000101000000101101000000000000010000000101000000000000100000110
000100001110010000000110000000000100000000000000000000000010000001000000000000010000000100100000010000000000000000001000100001101000000000100000000001000000000000000010000000000000000000000111001000001001000000000000000000000001100
000100000110000000000010000000000010101000000000100000000000000000100000010000000100100010000000000000100000000000000001000001100100000000000000010000000000000010000000000000000101000000000001000001101010000000100100000000000001000
000000000000000000001100000001000000000000000001000001000000100000000010001000000000001000000000000000010001000001000000000001000000010000001000100000010001000000000010100000010110000110000000100110000000000000100010000000000000000
000000001000000001000000100001001000010000000000100000000000000100000010000000001010000000000010000001000000001100010000000011000000000001100000010100000010001000010000000000000000110001000000000000000000000000000000001100000000000
000000000000000100000000000010100010001000000010010000000010100010000001000001000000010000010000100001000100100000001000000000000000000010101010100000000000000000000000000000100000011000001000000000100000010000000000000000000000000
000000000000000110000000001000000000010000000000100000001000001000101010000001010010000000000001000000000001001001010010001000100000000100000010000010000000000000000000000000000000100001000000000000000000100000000001001000000000100
000100001000000000000110000001000010000000000000100000000000100000000010000000001000001000000000000100000000000000000101111000000000000000100000010000000000001000000010100000010000000100010000000001001000000000001000000100000001000
000000000110000000000010000000000000000000000000000000000010001001011001110000010101000000000000000000000001000000000011100010000000000100001100000000000000000000000000000000001100100001000001000000000010000000010000000000000000100
000000000000000000010000000000000001100001000000000010000000000000000000000000001000000000100000100000101000000010100000000000000000000000100000000000000000011001000101000010001100000000001000000110000100100001000001000000010000100
000000000000000000000000000000000001000000100000010001000000000001000100000010010000000100000000000000010000000100010001000000000000000010000001000011000000000000010000000000000010000000001100001000011101000000000000000000001111000
000000000000000000000000000000000000010000010000000000100000000000100000001000000100000010000100001000001000100001001000100000000000000000000000010001001000000010001000000000000001010000100000010001010110000010100000000000010000000
000000000000100000000001000000000100000000001000000100010101000000000000000000000000001101100000000000000110000000010100000000000000000010001000000000000000110110000100010000000000100000000000100001000010000000000000101000000000000
000000000001000000000000010000000010000001000100000000100000000010000000001100000000000100010000000010000010000000000010000000000000001100000000011100010101000001000000000000000000100000000100000000001000000101000000000000100000010
000000100000000000000000000000010000000000000010001000010000000100000000000000000001000000001000001000000001011010000000000000000000000000000000000100110000010000001000101001000000001000010100000000100011001000000001000000000001000
000011000000000000011000000000000000000000000001000000000000010000000000000100100000000010000000010001000001000100000010010000000000000000000001000000000001000010000110000101100000001101000000101010000000000000100000000000000000000
000000010000010011000000001000000000001000010000000000100000000000000000000100000001000100000000000110000010010000001000000000000001000000000001001000000100001001100000000000100110100010010000000000000000000000000100000000000000000
000000000001000000000010010000000000000001000100000000101100000000000000000001000000000000000001000000000001100000000010000010100001000000000000000010011000000000000000100000001000100001001001000000000000000100011000100000001000000
000010000000000000000000000000100001000000000000010000000001110000000100000010000000000100000000000000000110000000010000000100001010000000001000100000000000000000000000000100000000100000001000000000100110010010001000001000000001001
001000000000010000000000100101000000100000001000000000000000000010000000000000000000000001000000000001000000010100010000001000000000000000000000110000000010000000111000000010000000000001000011000100000000001010010000000010100000000
000100001000000000000100000000100000000000000000000000000010000000000000000001001000000000101000100001000000100000001001001101010000000000000000000100000100011000010110000000000000010000001000000000000000000001000000000100000000100
100000000000001001100000000000000100000001100000000000000000101000000010000010100001110000001100011000000000000000000000000000000000000000000010000000000000000101010000000100010001000000000001000000000000000001000000100010000000000
000000000000000000000001000001000000000000000000000100000011100001010001001000000001000000010000000000010101000000000000010100100010000010000000100000000000000100000000010000000100110000000000000110000010010000000000000000000000000
000000000000000000000000100000100000000000000000000010000000011100011001110100000100011001000010000000001010000000000000000000100000000000000000000000000100000000000010001000011000000000100000000000000001000000010000000000000110000
000000000000000100100000001010000000000000000000000000010000101010100010000001010000010000000001100000000100001000000000000110000000000000010000000000000000000011000000000010110001000000000100001000000000000000000000000011000000000
000000000000001010000000000100000000000000100000000000000000000001000101000100000011000010000000000100000000010100000000000000001000011000000000001010000000001010000100000000100000000000011000101000000000000000100000000000001010000
101000000000010000000000100001100000000000000000010000000000100000001000001000000000000000000000000000000100010001000000010100000000000011001000000000010001000000100000000000000000000000001011000100100000110000100000010000000000000
000000000000000000000000110001000010000001000000100000000000000010000010000100001100000000010000001010000000000100000000101001000101000001000000000000000010000010001000000000000000000000000000000001001110000010000000000000100000000
000000000110100010000010000110001000000000001000000000000000100000000100001100000010000000000100000010000010000000000000000000000001001000000001000110100100000000000000000000100000000000010000000100000000000001000000000000010000010
000010100010000000000000000000001000000000000100000000010000000100000100011000000010000000001000000001000000001000000000001000000001100000100000001000010101010000010000000000000000010000000100000000000010000001000000000100000000010
000000000000000010000000000100000000000000001000100000001000000000000100000001100010000000000101000000010001100000000000000010001000000100000001001000100000000000000000000000000000000000001000000101001001100000000000100000001110000
000000001000000001000001000000000000011000000110010000001100000001000000001000010000000001000100010000001000000000000001000000001100000000000000000000000000000000001010000000000010000000000110011000010100000000000000000000010000000
000000001100100000000000000100010000000000001010000000000000000000000000100000001000000000000101001010010011000010000000000000000000100000000000001010000000000000000000000001000001001000000000000100100001000000000000010101000000001
000000000001000000000100010000010000000001000100001001010000000100000000001000000000001000000000000000000000011001000000010000000001100100000000100100000001000000000000000000001000000010001101000000100000000000100000100000000000000
100000000000100000000010000000001000000000110000000100100100010000000000000000000000000000000000001000100000101001001000000000000100000100000000000000000000000000000000100010000000010000100000001010000000000110011000010000001000000
000100000000000000000000001000100000000000000000000000000000010000110000001101000000000000001000000010000010000000000000000000000001001000100100001100000000010000110010010000000010000000100000000000000000000001010100000000000100010
000000000100000001000000100011001000000000000001000000000000000111000000000001000000000000000010000000000000000110100000001000000000000001000000010000000000100000001000010100000000000010000000000000000000000010000100100000101000101
100010000000000000011000000000000000000000000101000000000000000010001000111000100000000100000000000001000000000001000000010000000001010000000000100100010000100001000000000000000000000000000100100000001000100000100000010100000000000
000000000000000000000000000010000100000100000001001000000000000010001000110001000000000100100000000000100000000000000100000000000010000000000000000000000011000100001000010000000000000000010000100000010000000000000100111100011000000
000000100000000000000000000000000000000000000010000000010100000000000000000000000000000000101000000000000100000010100000000000010010100000100000000100000100000010110100100000000010000000000000100001000010100001010001000000000100100
010000001000000001000000000000000000010000000000000000000000000000000000000000001001000000000010100100000000010000000100001001010000001000100001000000000000000001000101000010000100100000111000000000000000000000101000000100000010000
000000000000000010000001000000000100000001000000000100000001000000001000000100000000100000010000010000010000000000000100000000000010000000011000000000000000100000010000011000000001010000010001000010010000000000000001100110000000000
000000000000000000100000110000000000000000000000000000010100000000100000000100000100000010100001000000000100000100000000100000000110010000000011010000000000010000000100000000100001000000000000101001000010000000100000000001000000000
100000000000000001110000000000000000000000000000000000100000000010000000000000100001000100000000100000001010000010000000000000010001001000010010000000000001001000000001000010010101100000000100000000001000100000000000000010000000000
000000000000010000000000001000000000000100010000000000000000000000000000000000000000000000000000000110000100010000100000000000000000001001000000100000000100010000010000000001000010000101000011010001000000110000010100010010000100000
000000000000000000000000000000000000000000100000000001000000000000000000000010000000100000001000000001010000000100010000001000001000000001110000000100000100010100100000000000000011010001000001000000010000000001010000000110000100000
000000000000000000000000000010000000000000000001001000001000000010000000000001000001000001001000001000001001010000000000000000000100100001000000010001000010100000000010000000000000000000010010000000010110001010000000000000110000000
000001000000100000000001000000000000000000000000000100000100001000000000000000001000000011100000100000000000010000000010000000010010010000100001000000000000011010000000000101000000000000001000100000000000000001100000000000100010100
000100001000000000000100000000100000000000000001000000001000010000000000000101000000001001001000010000001011000000000001010001000000010000100100000001000100000000001000000000010000000100000010001010000000000000000000000000000000000
010000000010000000010000010000010100000000000000000001001000000000000000000010000110000000000000100000001000000110000100000000010000000000000000000000000000001001000000010010000100001000100010000000000000110000001010000000000000010
000000100000000000001010000001000000000000000010000000100100100000000010000000000000000000000000000000000000100010000000010001000000100100000000000000001000010000000000001000010010000000010000100000000000001100011011000000001001000
000100000000000000010001001001010100000000000000000100000001000001110000001001000000000000000000000000000000000110000100000000000010000000001000000000000110100100000001000000000000001000100000000000000000000000000100100000001000010
000000000000000010001001100000100000000000000000000010000001000100001000000100000100100000000010100000000000100000000000000000000000100000000100000000000000000100000000100001000000000000010100010000000001001100000011000010000001000
000011000000000001000000000000000000000000000000000000000000111100000000000010100000000010000100010000000000000000000010000000000000010010010000000000000010000000000100000001000000000010000000000000000000010011001100100000100001101
011000000000000000000000000100000000100000001000000000010000010010000000000000010000000000000000100000100000001000000100000000010000000001000010000000001000001001000001000000000100000000100100001110000000000010011000000010000000000
000001000000100000000001000000000000000100000000000000000000000100000000000000001000000010000000101010000001000000000010000000000000110000000000000000100000000000100100001100000000001101000100010000000001010000000100010010000001000
000000010000000010010010000010000000001010000000000000010000100000000000000100000000010000000000000001000100000100001000000100000000011000000011001000000000000010000000000000001000001011010000001000000000000000000000000001010000000
000000100000000000100100000001000000000100000000000000100000101000000110010000000000011001000000000000001010000010000000010001000000000000010110000000000000000001000010100000000001000100000000000000000000000000000000000010001010000
000000010000000000010010000000000001000011000000000010010000000100010001100000001000001000000000000000001000000000000000000000110000000100000100000000010000000000000000000000100000000011001001000000000100000000010000100001010000000
000000000010000001000000000000000000101000000000000001000000000000000000010000000101000000000000100000110001000000000000110000110000001000001000000000000000001001000001000010000010100010000000000110000010000000000110000000000000000
000000000000000001001000001000000000001000000010010001000100000000000010000000010000000000000000000010010000000000000000010000001000001000000000000001000100010000110000100000000100000010000000100000010100000000010110000000000100000
000000000100000000100000000000000000000000000000000000100000000000100000000000000000100010000001000000011010000010000000100000000100000000010010000000100000000111010000000000010000010000000001000000110000000000100000000111000000001
000000001001000001000000000000000000010000000000000000100001000000000000000000000001000100000010000000000111000000010010001010100011001110001000000000000000001001000000000000000100000001000000000000000010000100000000001000000000000
000000000000000000000000000000001000000000010000000100100010000100000001000000000010000010010000000001011000101000001000001100000100000000101000000100001000000100010000000000000001000000000000000010010000010000000000000100000000000
000000000000000000010000000000010110001000000010010000000000000000000000000000000000010000000000001001000001000110001110000100000000110000000000000000100000000000000001010001100000000101100000000000100001000000000000000000000000010
000000000000000000100100000000001011000100010001010000000000000000000100000000000000001000000000000100000001000000100110010001000000010000000000000000000000000000100010000001010000001001000000010011000000000000000000000010000000010
000000010000000011000100000000000000001010000000000001010000000100000000000000000000001000000000000000010000000001001000010000000000001000000000000000010010000000000000000100101110000000000000000000000000000010000110100001100000101
000000000000000000010010000000000000010110000000000000000000000000000000000000000000000000000000000001000001000100010010001010100000010101000000000000000000000000110000000001101000101100000001010000000000000000010000001010010000000
010000000000000000000000000000000100010000000000000000000000010000110000001000000000010000000010001000000000000001001100000000000100000000000100000000001100001000000001010010000000001000000000000000000001000010111000000000000110010
000000000000000010000010000010000000000000000000001000000000100000001000000100000001000000000000000100000000010000000100000001000000101000000001001000000000101100001000101000100000000000000000000000010000001000001001000100010001000
000000000000000000000000000000100001000001000000010000000000000000000100000001001000000000000000100000000000110000000000000100011000000110100001100010010000001000000100000000001000000000000001000000100100000000100000100000001010000
000000000000000000000001000000000000000000000100000000010000000111000000001000010000000100000000100000000000001000000001000000001001100000000010000101010001000001000000001011000000000000000000011000001001000000000000000010000001000
000000001010010000000000000000000100000000000000000000001000000000000000000000000010000001000000010000001100010000000001000000000000000001000000100001000000000000101011000000000000000000000001001000000000111100000010010001100000010
000000000110010000000010000000000100000001000000000000000000000000000000000000000000100000000000010000000000010000000001100000100000000101010000100000010000000100110000000000001001000001001010000000100000000000110000100010000000000
000000000000001000001000000100000100000000000011000000000100000010000011100000000010000110100000000000000000000000000000010000000010010000000001000000000001110010000100100000000010000000000000000000000000000000110010001000000000000
000000000000001000000001000000100000010110010100000000000000000001000000001000000100000000000100100100000000100000100000000000000100000000000000000001000000000000100000001001000000000101000100000001000000000000000010001010010000001
000000001000000000000000000000000000000000100000000000010000010001000000000100010000000000000000010000100100001100000001000000001000010000000011000001001000000010000010000010100000000000000110000010000000000100000000010001001000000
001000000000010000000000100101000000100000001000000010000000100000000000001000000000000000100101000000110001000000000000010000010000000001001000101010100000000000000000000010000100000000000000000010000001000001000000000000010000000
000000000000000000000000000000001001100001010001000100000000010000000000000100000000000000010000010000110001001000100000010000010000010000001000000000001000000100000010000010000100010100000000001100000000000000000001000000000000000
000000000000000000000000000000000010000000011000100000010000000000000000000000100100001000000100000100000100100000100100100001000110000000000000010010000000010010100000000000000000000100000000010000001010100000000000100000000100000
000000000100000000000000000000110010001000000010111000000000010000000000000000000000100000000000000000100010011010000000100100000000100010000000100000110000000000000000000000000001001000001001000000000000000000100000001000000000001
001001000001000000000000000010000000000000000000011001100000000000001000000000010000000010000000000000011000000000000110000000001100000000000000000001000000100100011000000000000011010000010000000000000100000000000000000100010100000
100100000000000000010010000000000010000010000000100100000000000010000000000000100000000100010000000000010000000000000001100001001001000000000000010010000001000001000000000000000000000000000100000001000001100000000000000000100111000
000010000000000000011000001000000001000001000000010010000001000000000110000000011000000000000000001010001000000000000000000000011100000010000000010001000000000000001000000000001010000000001000000000010010000010000000000000010000000
000010100010000000000000000000000000000000000000000000010001000000000100010000000101000000001000001000000101000000000000100000100110100010001000010100000000010010001000000000000100100000000000000001000100000010000000000000000000000
000000000000010000000000100000000100000000000000000010000000000100000000000000000000010100100011001000010001000000001001000000001000100000000100000010100000000000000000001001000000001000100100000100001000000000000000000000000111000
100000000000000010010000000000000000000000000000100000001000000000001000000000100010000000000000000000001100000011100000000010010000000000000000100010000001010001100001000000000000000000000010000001001000010000000001010000000100100
010000000000000000000000010000000000000100000000000000001010100100000001000010000010000010010000000010001100000000000000000100000000000010001000100000000000000000100001000101000000010000000010000000000000100000001100010000000001000
000000000000000000101000000000000001100000001000001000000010000000110000000000100001000001000000000001000000110000010000000000000000100001000000000000000000000000001000101000000000000000010010000000000000000100000011000001100001010
000000001001000000001000000000000010000000100000000010100001000000000000000000000000100000000010000000100100100000000010000000000001000100000000000000001000000000000000101000000000100000000010001000000000001001000010010001101000010
000010000000000010000100000100000000000000000000000000000001010010000100000000000000000000000000001000000000000001001000000000000100000011000000010000001010000000001000000110000000000010100000000000000110000000011000000010100000101
000000000000000000000000000000000010000000100000000010000000101000000000001010000000100000101100000000100000000000000010000000010001000000110000001100000100010000010100000100000000000000000000000100000000000100000000000000110000110
010000000100000000001000000000000000010000000001000000000000000000100000001000000000100010000010000000000000010001000000110000000100010000000001100000010001001010000100000000000001000000101001100000100000000000000000000000000010000
000000000000000000000010000100000000000000000010000000000100010010010001100000000000000000000000000000000000000000000000000000100000000101000100000000001100010000110000100010001010000001100001100000000000000010001000000010000100000
010010000000000000000010010000000000000000000100000000001100110000000000000010000000000000000001000100000000000000000100000001000000000110000000000000001000001000000001100110000000000000110000000000000000010010010000000100000001001
000100000000000001000000001000000000101100000000000000000000000100100000010001000000000010000000000010100000000000000000100000000000001000000000000000000110100000100000010101000110000010000000000000000000010000000000110000001001000
000000000010001000001000000000100100000010000000000001000000000000000010000000000110000000000000100000010000100000000000010000000000000000000000000000000000000000000001101000000110000010000010110000000000001100000000001001100000011
000000100000000110000000000000000001110001000010000000000000000000101000000100000000000000010000010000000000000011110000000010010000100000000000000000000000010100000000101000000000000000010000000010000000101000000000000000000001100
000000000000000001000000000000000100000001001000000000010000000100000000000001100000001000000100010000000000100000000100000000000010000100010000000010010010100100000000010100001000000010001001000001000000000000000100000000001000000
100000001000100000000000000000000000000100100000000000000000000000001000110000001000000000000000001010100100000001000000000000000000000000000000100000101001100000100000000001000000000000000010001000000000110100000100000101001000000
000000000000001000000000000000100100010110000000101000000000010000000010000000000010000100100000000000100010001000010000001010000010000010000000000000000000100000000000000000000000100001000000110000100000000000000010000000010000001
000010001000000000000000000000000000000000000100000000000000000000001000110000001000000000000001000101010000000000000100001001000000000000100000000100100001101100010000000000000001010000010000000000010000000000001000010001000000001
000000000000000010100101000100000000000100000000000000000001000010000100000000000000100000000000100000000000000000000000000000000000000001010010000000000000000101110000001011010001000101000101010000000000000010010000000000000000000
000000011000000000100000000000000001000010000000000000010000000000110000100000001000000000000001000000010100000000000000000000000000000000000010000000100000000010000000000000101001000010000010001000000000001100000010010100100000011
000000000000000000000000000000000010000010000000000100000000001010000000000000000000000001010000000000010000010000000010000000000001000001000000010000000010000000001100000100000000000010000010000000001000001111000010000001000010111
000000000000000000010010000010000000010110000000001010000000100000000000001000000000000000100100000000101000000000000000000000010100000000000000001001000000100000001000000000101000000001010000010100010100000001000000001000000000000
000000100000000000000000000001000000000100100000000000100000000001000100010001000000000000000000000000100000100110000000000000001000000100000001000010001010100000000000110000010000000000001000001000000000000100000100110000000010000
000001000001000000000000000010000000000000000000101001000000010000010000000000100000010000000010000000010100000000100000000000001000000000000100000010000100010000110000000000000010000000100000000001011001100000010000000000000010000
010000100000000000000000000000000000010110000000000100000000001000000100010000000000010001010010000000010000010000000000000000001000000000000101000010000000001000000100000000010000000000101000000000001001000000100000000000101100000
000100000000000000000010000000000001100000000000000000000000100100100000000010000000000110000000000000000000000000010001100001001000100010000000000000000000000000000000101101000000000000010100000000001001011000001101000000000000000
000000000100000010000100000000000000000000000000000000000010001001001000000000010000000000100000000000000000000011101011000010110000000000100000000000000010010000000100000100000000000010000000000000000000100011000001000000100000001
000000000010000000100000000000001111000000000000010000000000000000110100001000000010000000000000000000000000000000000110000000000001000000000000001100000100000000000001010000000000001100100010000000000000001101000010000001100000000
000010000100001000000000000000100000000010000100000000000000010001000000000000000000000000000001000100010010000010100000000000000000000010000000000000100010000000000000000100000001000010000000010000100000000010001010001101100000100