000000000000100000000000111100000111010000100010110000000010111011100111000000100010100010000000001111100
000000000000010010000000000110011000110010001000010100100010011100100000010111101010010100000011001010100
000000000000000100010000001001001000000101110100010110000010001011111001100100000000000100110011000011101
000000001000000000001001000010000100001001101011011010000000001000000101101101100010011110000001101001001
000000000100000001000001100001000000010001101000000000101111001100010110010100100001100011010011100001100
000000000000001001001110000000001101100001011000000001000010011111000010110000000010100100000110111001001
000000000001000000110100000000011110010000101001000000010100011000110011100001100100110000011010100010001
000000000010000010100010010000101100011001000100010000000001011111010101010001010000010110010000100000110
000100000000000000000010000101001011110000000100001100100100110001010001010010010000100001101110100011100
000010000000000000000100010010011011001000010010000110001000011001100001001010000100010100100100101100111
000000010000000001000000001010110011100000110001000010100000101000000010100000101100001001100011111011100
000000100000000000001000010001000000100000010110010010110011110101001100001010110001000100000001111001100
100000000000000000010011000000010000001000011101100100100001011000010000011001001001000100101011110001011
010000000000000000101000100000000001001011110111000000000100110010011111000000000101001000000110100001111
000001000000000010010000100000000010001000000001010111100101011000011101001100111100010001000000000111100
001000000000000001100000000100010110101100001010000000000101010000000010010000111001011110001100101101100
010000010000001000000000000001000010000100111010101000011000100001110010101000000001100010101101101001001
000011000010000100000000000000000000010010000111111100010000110001111101001011000010010000001001000010011
000000110000010100000001000000000001000000000000101111101010001001000100011110000010100001100001011111001
001000100000101000000000000010100001110011000010001000001000100101000110010010000010011011000101101000110
000101000001010000000000001000110010010100000000100100001001001001110010010000001000010011111001000110110
000001100100000000000000000100100000001110100100111000100000100010010100010101011001001010100001001011100
000001011000100000000000000000010000000110100010000010011110000000101110000110100101011000010001001110101
000110000000100000100000000000101010100110010000010001010000110111111010100000011100010000000100001010100
100010000000011000000000000000111100100100000100001010010000000001000000110011010000011100111001111010001
100000010101000000000000000000000000100111001001001101000100000000011010110100001010011001001111000011001
101000000010000000001000000000001000001010001000001001111100010100010100011111010101110000000100101000001
110000001000000100000100000000100000000001010001000011011001001101011110101000000100010001010001110000011
010100000110000000010000000000000100000100000100100001010111010011011110010000010001100000011000010111001
001010001001000010000000000000110101001010000001100001000000011010000110010001001110011000000000011110011
000000010010000000011101100101000000000000001010000100000110010000101001001110100011100100001110000101001
010000100110100100001010100001000000000001000000011001000000100111011101101100010010100011000100000001000
011001111100000000000001101000000000000000000011100000000001100000001110001000101011001011001001010101010
100101110000000100000000100011000000000010010000000100101000100100111000001110001101000001100111000000110
100000101110001110001001000000000000000011000100000000000010000110001100010111000011001100010011010000011
100001001110010000110000000001000000000100001000010000010001000100111000101101111001010110011001000000000
010001001011000100010001110000000000001000100000100000001000001010110101001101000101100010110000000100011
110010111000000001011000000000000000001100010000000011000000000010001000101100011101001100100100011101001
000100010100111100000100001001000000110000000000000000010010100101101010100010100010100001011011010010000
001000000000000110001111110010000001010000000001000000100000111100000101001011100110100001000010110000010
010000000000010001010111011001000110000000000000000010000001001001000001101000110000100111111000110101000
001111010000010000010000010100010010000000000000100000110000110000100000001011111101100000101000011110000
101110100010010010000110000000000000100000000000000101000001010101001000011010011010010101001100010100010
001001000111110010000001000100000100010000000000001000000100000000000101010111110010111011011000000110000
010111100000100110000000011000100001000000000100000010000000100011001101000010010100001001110000010110110
001000011001110001000100100010000010000000001000000001001000001100100010101100101110110011000100001100000
100100000101010111010010000000101000000000000000000001100000001110010000110101011100100001110010010010000
000100100010111001000000010101001000000100000000000000001010000111100000010110010001100110110100001100100
100000000000100011101100000011001000100001000000000010000100000100001001100110110100011101010110100000100
111100010001001001000101000000010001000000000000000000001100000000000010010010000101101001111110110100011
000100001000000011110100111000010000000000010000000000000011011110101010000000101101000100010010010100110
011000001100101001101000010000100100000000100000000000010000100110000110100001110101101010010000111000000
001100000111001000100010100100000000010010001000100000000000110110110010010001001011100010001110000000010
000001000000001000100001011111010000010000100110000000000000100000100001000011100001001110111011100000110
010010001011101000100100001000000100000101000010000000000000000011101011100000000010011110011100000100011
000000100001000011000011101110000001001001000000000100000000001010000001010100001010001111100110000101110
000010000100000010111010001100000100100000000101010000000000110010001001100001111010001100001010010011000
000010101000011100000010011010100000000000010000110000000000101111100000101001001010000110100001011000010
111011000001000000100010000010100010001000000001001000000000100000010001101001011100011011101100100000010
000010010001101100001000000110001001000010100000001000000000100010100001100111000110101000100110001010001
100000001011010011010101000000011100001101001000000111001111001000000000010100000000010100010000000100001
110001111101111101000001001011100000000101100000001010001000000000000000100100000000001011110001000000000
111111110110101000101000000101000000100110000110001000010100100000001000000010010001001000001100000000000
010011010001000000010001001100010111001100100111101110000100000000000001000000000000001000101000000111001
101001010000010000000101000011010010110000001011001110111101000000000000001010100000010001001001100000000
101001011101000011111001100110010000001010101001000000100100000000000000000101101101001000000010000000000
111000100100000011001011000000100101101001000101001011100101000000000100010000010000001001000000110001000
001010111000111011001101011110010101100000000010000010000010000000000000000010100010001100000000011100000
001000000001011001000011010110111111011000101000101000101000001000000000010001000000100010100000101000000
100110010001011001110110001111011010100100011000000100000000000000100000100000001000000100101110000000000
100011100010010110011011010111001000001000000100011110100000000000000001001111010000000100100000000000000
101100111100011001000000000000110000100110011000100001111011000100000010010000001001000000000001011000000
001101100010000010000001110100010001011010000110100100101111010000000100010010000001000000000000000100110
010011011000100100111100111011000010000000110011010010010000100000101001101000100100000000000000000000000
000100000101101011100000001100111101110111100100000000000110000010000010010000000000001000010010000010100
011110000000001000100110011000110111110000010111100000010001110001000010000000000000000000001000110000010
010000001101000001110010101000100110001101111001110001000001001010010010100000001000000010000000000001000
010100110000100001000100101001000011100101010010000111001111000001001010000000000000000001000100000101100
110110100011001100000010000000101001001111010100101101001000000011010000010000000000000000100100000000011
000000011001001100000101101010010001010011111011100100001010001000100010000000000010000000000011000000011
010000000010101100001101010001001101010001100110001010011110000001000101000010000000100000010000100000001
000000100110011000000011001101000100110101001110111100000011000001000000010000000010000110001001000001000
110101000000000001110000010001111010001100110100000010111101000000010000000000010101000000110000100000100
000010000001110110000110001010101111110001000001011111000000001001000001100000000010010001000000000010000
100011101000000010100000001010110000101111010111010110000001000000001000000000001000011100000001000000110
010100110100001101011011111101000001000000110100100000100010100010000000000000000001100000100010010001000
000100000010010100010110110001001010010000011000110101111011011101110000001000000000100000000000000000000
011101010101100100000000100000100011010010100001101001111100100000010110000000000100100001000000000010000
100110010000000110011100000000011001100010010101000111110110010000001000000010000100000000000010010010001
000010001010001000111000010100011100001110111110110000010010010010100000000001000001000100000000001000001
001000001110100010101100100000000100110011001011010001010111010100001110000000100010010000000000000000000
001010110000000000001010100110000011101010011011111101100000110000000000001000001010000000000100001001000
000000101000100111001000110010101001001011110000010011101010001110000100000100000100000000000000001000100
000001001100010110010001011000110100010000100101110010110011001000000100000001100000000000010001010010000
011011101010110000000000010000100110001100000010111011011001000001000100001000010000010010000000001100000
011110000011100011111110110100001111001000000000000001000100010010000001000000010100100000000100000100000
000111111111110110010000101100000000000110000000110101000010000010101000000100001010000000000000000110000
000001000011100000100000100111001010011111101010011100001100000000110001000100000000010010000100000000100
110101000111000110110111101001000000010001000101000100000101000000011001000000000000000001011010000000010
100000000100001100101010000011101000110011111101011000110000100100010000100001000000000000000011100000000
111000101010001001101111110011000000001001011010000000001001000100000000001000000001000110000100100000010
101111001011111110100100010010111000010010000000000000011000000100100000000011000100010000010000000000010
111010011111011100011111000000000100000000001001101001010000000000000000101001000010100000001000010000001
000000010100110001011000000101001110100100101000011011110110000000000000100100110000100000000000001011000
001101100100110011100010111111100010110000000000010000100001100100000000000000111000000011000000000000100