01010101010101010101010101010101010101010
10101000011100111011110100010011011010000
01001011110001100010000101110110010010111
10001010000111001110111101000100110110100
01110010111100011000100001011101100100101
10000010100001110011101111010001001101101
00111100101111000110001000010111011001001
10100000101000011100111011110100010011011
00101111001011110001100010000101110110010
11101000001010000111001110111101000100110
01001011110010111100011000100001011101100
11011010000010100001110011101111010001001
00010010111100101111000110001000010111011
10110110100000101000011100111011110100010
01100100101111001011110001100010000101110
11001101101000001010000111001110111101000
01011001001011110010111100011000100001011
10010011011010000010100001110011101111010
01110110010010111100101111000110001000010
11000100110110100000101000011100111011110
01011101100100101111001011110001100010000
11010001001101101000001010000111001110111
00010111011001001011110010111100011000100
11110100010011011010000010100001110011101
00000101110110010010111100101111000110001
10111101000100110110100000101000011100111
00100001011101100100101111001011110001100
11101111010001001101101000001010000111001
00001000010111011001001011110010111100011
10111011110100010011011010000010100001110
01100010000101110110010010111100101111000
11001110111101000100110110100000101000011
00011000100001011101100100101111001011110
11110011101111010001001101101000001010000
01000110001000010111011001001011110010111
10011100111011110100010011011010000010100
01110001100010000101110110010010111100101
10000111001110111101000100110110100000101
00111100011000100001011101100100101111001
10100001110011101111010001001101101000001
00101111000110001000010111011001001011110