0110100001111011000000101101100110101
1011001110011101010111100100100001001
1100111111011110000000000010110000101
0100010001110100110111111000000100110
1010010111101010010100100000100010100
0011101110110001110101001001000000000
0110010100100101111111001100000000000
0110111011100100111101011001000000000
0110110101101111010010101110000011001
1011100110101100110111010010010000000
1001111111010001101010000111110001001
1111010000100000001000010000010001110
1110100011000000100010100011010001000
0111001111000010101101000101100010010
1010100010000101001000100101111000010
1100011010100010100000001100101101001
0001011101101101011010101101000001000
0101111111000000100001110100011110000
0000001100110110100101010100011111011
0101111101000100001010111111110100101
0101001011101000100101011011111010111
0101011101000100011010001011101011011
1101100010001010110100010001000110011
0001000101010000011110101110111111111
1001011110000001100111010011011100011
1100001010100111111100010010101010111
0010000011101000000111011101101111110
1000010100101110100111101010011011111
1110100000100111000111010110001111110
0010000001111010011110011001001011001
0000000000000011011011011111110101111
1001000000000001011100111010101011111
1000100010000100011011110111110101111
0100000010111001101001010011111110111
1011100000010000000110010111101111001
0001000000010110001011111111101111000
1110000010100001001111111101011111100
