01010101010101010101010101010101010101010101010101010101010101010101010101010101010101010101010101010
10100010001100011100101111110111100001101010110101100111110000000110100101110101000011011011001000100
01001110111001110001101000000100001111001010100101001100000111111100101101000101011110010010011011101
10001000100011000111001011111101111000011010101101011001111100000001101001011101010000110110110010001
00110011101110011100011010000001000011110010101001010011000001111111001011010001010111100100100110111
10100010001000110001110010111111011110000110101011010110011111000000011010010111010100001101101100100
01101100111011100111000110100000010000111100101010010100110000011111110010110100010101111001001001101
10001000100010001100011100101111110111100001101010110101100111110000000110100101110101000011011011001
00111011001110111001110001101000000100001111001010100101001100000111111100101101000101011110010010011
10100010001000100011000111001011111101111000011010101101011001111100000001101001011101010000110110110
01101110110011101110011100011010000001000011110010101001010011000001111111001011010001010111100100100
11001000100010001000110001110010111111011110000110101011010110011111000000011010010111010100001101101
00011011101100111011100111000110100000010000111100101010010100110000011111110010110100010101111001001
10110010001000100010001100011100101111110111100001101010110101100111110000000110100101110101000011011
00100110111011001110111001110001101000000100001111001010100101001100000111111100101101000101011110010
11101100100010001000100011000111001011111101111000011010101101011001111100000001101001011101010000110
01001001101110110011101110011100011010000001000011110010101001010011000001111111001011010001010111100
11011011001000100010001000110001110010111111011110000110101011010110011111000000011010010111010100001
00010010011011101100111011100111000110100000010000111100101010010100110000011111110010110100010101111
10110110110010001000100010001100011100101111110111100001101010110101100111110000000110100101110101000
01100100100110111011001110111001110001101000000100001111001010100101001100000111111100101101000101011
10001101101100100010001000100011000111001011111101111000011010101101011001111100000001101001011101010
01111001001001101110110011101110011100011010000001000011110010101001010011000001111111001011010001010
11000011011011001000100010001000110001110010111111011110000110101011010110011111000000011010010111010
01011110010010011011101100111011100111000110100000010000111100101010010100110000011111110010110100010
11010000110110110010001000100010001100011100101111110111100001101010110101100111110000000110100101110
01010111100100100110111011001110111001110001101000000100001111001010100101001100000111111100101101000
11010100001101101100100010001000100011000111001011111101111000011010101101011001111100000001101001011
00010101111001001001101110110011101110011100011010000001000011110010101001010011000001111111001011010
11110101000011011011001000100010001000110001110010111111011110000110101011010110011111000000011010010
01000101011110010010011011101100111011100111000110100000010000111100101010010100110000011111110010110
11011101010000110110110010001000100010001100011100101111110111100001101010110101100111110000000110100
01010001010111100100100110111011001110111001110001101000000100001111001010100101001100000111111100101
10010111010100001101101100100010001000100011000111001011111101111000011010101101011001111100000001101
00110100010101111001001001101110110011101110011100011010000001000011110010101001010011000001111111001
10100101110101000011011011001000100010001000110001110010111111011110000110101011010110011111000000011
00101101000101011110010010011011101100111011100111000110100000010000111100101010010100110000011111110
11101001011101010000110110110010001000100010001100011100101111110111100001101010110101100111110000000
01001011010001010111100100100110111011001110111001110001101000000100001111001010100101001100000111111
10011010010111010100001101101100100010001000100011000111001011111101111000011010101101011001111100000
01110010110100010101111001001001101110110011101110011100011010000001000011110010101001010011000001111
10000110100101110101000011011011001000100010001000110001110010111111011110000110101011010110011111000
01111100101101000101011110010010011011101100111011100111000110100000010000111100101010010100110000011
10000001101001011101010000110110110010001000100010001100011100101111110111100001101010110101100111110
01111111001011010001010111100100100110111011001110111001110001101000000100001111001010100101001100000
11000000011010010111010100001101101100100010001000100011000111001011111101111000011010101101011001111
00011111110010110100010101111001001001101110110011101110011100011010000001000011110010101001010011000
11110000000110100101110101000011011011001000100010001000110001110010111111011110000110101011010110011
00000111111100101101000101011110010010011011101100111011100111000110100000010000111100101010010100110
11111100000001101001011101010000110110110010001000100010001100011100101111110111100001101010110101100
01000001111111001011010001010111100100100110111011001110111001110001101000000100001111001010100101001
10011111000000011010010111010100001101101100100010001000100011000111001011111101111000011010101101011
00110000011111110010110100010101111001001001101110110011101110011100011010000001000011110010101001010
11100111110000000110100101110101000011011011001000100010001000110001110010111111011110000110101011010
01001100000111111100101101000101011110010010011011101100111011100111000110100000010000111100101010010
11011001111100000001101001011101010000110110110010001000100010001100011100101111110111100001101010110
01010011000001111111001011010001010111100100100110111011001110111001110001101000000100001111001010100
11010110011111000000011010010111010100001101101100100010001000100011000111001011111101111000011010101
00010100110000011111110010110100010101111001001001101110110011101110011100011010000001000011110010101
10110101100111110000000110100101110101000011011011001000100010001000110001110010111111011110000110101
00100101001100000111111100101101000101011110010010011011101100111011100111000110100000010000111100101
10101101011001111100000001101001011101010000110110110010001000100010001100011100101111110111100001101
00101001010011000001111111001011010001010111100100100110111011001110111001110001101000000100001111001
10101011010110011111000000011010010111010100001101101100100010001000100011000111001011111101111000011
00101010010100110000011111110010110100010101111001001001101110110011101110011100011010000001000011110
11101010110101100111110000000110100101110101000011011011001000100010001000110001110010111111011110000
01001010100101001100000111111100101101000101011110010010011011101100111011100111000110100000010000111
10011010101101011001111100000001101001011101010000110110110010001000100010001100011100101111110111100
01110010101001010011000001111111001011010001010111100100100110111011001110111001110001101000000100001
10000110101011010110011111000000011010010111010100001101101100100010001000100011000111001011111101111
00111100101010010100110000011111110010110100010101111001001001101110110011101110011100011010000001000
11100001101010110101100111110000000110100101110101000011011011001000100010001000110001110010111111011
00001111001010100101001100000111111100101101000101011110010010011011101100111011100111000110100000010
11111000011010101101011001111100000001101001011101010000110110110010001000100010001100011100101111110
01000011110010101001010011000001111111001011010001010111100100100110111011001110111001110001101000000
11011110000110101011010110011111000000011010010111010100001101101100100010001000100011000111001011111
00010000111100101010010100110000011111110010110100010101111001001001101110110011101110011100011010000
11110111100001101010110101100111110000000110100101110101000011011011001000100010001000110001110010111
00000100001111001010100101001100000111111100101101000101011110010010011011101100111011100111000110100
11111101111000011010101101011001111100000001101001011101010000110110110010001000100010001100011100101
00000001000011110010101001010011000001111111001011010001010111100100100110111011001110111001110001101
10111111011110000110101011010110011111000000011010010111010100001101101100100010001000100011000111001
00100000010000111100101010010100110000011111110010110100010101111001001001101110110011101110011100011
10101111110111100001101010110101100111110000000110100101110101000011011011001000100010001000110001110
01101000000100001111001010100101001100000111111100101101000101011110010010011011101100111011100111000
11001011111101111000011010101101011001111100000001101001011101010000110110110010001000100010001100011
00011010000001000011110010101001010011000001111111001011010001010111100100100110111011001110111001110
11110010111111011110000110101011010110011111000000011010010111010100001101101100100010001000100011000
01000110100000010000111100101010010100110000011111110010110100010101111001001001101110110011101110011
10011100101111110111100001101010110101100111110000000110100101110101000011011011001000100010001000110
01110001101000000100001111001010100101001100000111111100101101000101011110010010011011101100111011100
11000111001011111101111000011010101101011001111100000001101001011101010000110110110010001000100010001
00011100011010000001000011110010101001010011000001111111001011010001010111100100100110111011001110111
10110001110010111111011110000110101011010110011111000000011010010111010100001101101100100010001000100
01100111000110100000010000111100101010010100110000011111110010110100010101111001001001101110110011101
10001100011100101111110111100001101010110101100111110000000110100101110101000011011011001000100010001
00111001110001101000000100001111001010100101001100000111111100101101000101011110010010011011101100111
10100011000111001011111101111000011010101101011001111100000001101001011101010000110110110010001000100
01101110011100011010000001000011110010101001010011000001111111001011010001010111100100100110111011001
10001000110001110010111111011110000110101011010110011111000000011010010111010100001101101100100010001
00111011100111000110100000010000111100101010010100110000011111110010110100010101111001001001101110110