01010101010101010101010101010101010101010101010101010
10101101010100111000101100100011000010010011111111000
01001001010101100011101001101110011110110110000000011
10001011010101001110001011001000110000100100111111110
01110010010101011000111010011011100111101101100000000
11000010110101010011100010110010001100001001001111111
00011100100101010110001110100110111001111011011000000
11110000101101010100111000101100100011000010010011111
00000111001001010101100011101001101110011110110110000
11111100001011010101001110001011001000110000100100111
00000001110010010101011000111010011011100111101101100
11111111000010110101010011100010110010001100001001001
00000000011100100101010110001110100110111001111011011
10111111110000101101010100111000101100100011000010010
01100000000111001001010101100011101001101110011110110
11001111111100001011010101001110001011001000110000100
01011000000001110010010101011000111010011011100111101
10010011111111000010110101010011100010110010001100001
00110110000000011100100101010110001110100110111001111
10100100111111110000101101010100111000101100100011000
01101101100000000111001001010101100011101001101110011
10001001001111111100001011010101001110001011001000110
01111011011000000001110010010101011000111010011011100
11000010010011111111000010110101010011100010110010001
00011110110110000000011100100101010110001110100110111
10110000100100111111110000101101010100111000101100100
01100111101101100000000111001001010101100011101001101
10001100001001001111111100001011010101001110001011001
00111001111011011000000001110010010101011000111010011
10100011000010010011111111000010110101010011100010110
01101110011110110110000000011100100101010110001110100
11001000110000100100111111110000101101010100111000101
00011011100111101101100000000111001001010101100011101
10110010001100001001001111111100001011010101001110001
00100110111001111011011000000001110010010101011000111
10101100100011000010010011111111000010110101010011100
01101001101110011110110110000000011100100101010110001
10001011001000110000100100111111110000101101010100111
00111010011011100111101101100000000111001001010101100
11100010110010001100001001001111111100001011010101001
00001110100110111001111011011000000001110010010101011
10111000101100100011000010010011111111000010110101010
01100011101001101110011110110110000000011100100101010
11001110001011001000110000100100111111110000101101010
01011000111010011011100111101101100000000111001001010
11010011100010110010001100001001001111111100001011010
01010110001110100110111001111011011000000001110010010
11010100111000101100100011000010010011111111000010110
01010101100011101001101110011110110110000000011100100
11010101001110001011001000110000100100111111110000101
00010101011000111010011011100111101101100000000111001
10110101010011100010110010001100001001001111111100001
00100101010110001110100110111001111011011000000001110