0101010101010101010101010101010101010101010101010101010101010
1011010010011000000001011110010011100101111010101001100011110
0100010110110011111111010000110110001101000010101011001110000
1100110100100110000000010111100100111001011110101010011000111
0001000101101100111111110100001101100011010000101010110011100
1111001101001001100000000101111001001110010111101010100110001
0000010001011011001111111101000011011000110100001010101100111
1011110011010010011000000001011110010011100101111010101001100
0110000100010110110011111111010000110110001101000010101011001
1000111100110100100110000000010111100100111001011110101010011
0011100001000101101100111111110100001101100011010000101010110
1110001111001101001001100000000101111001001110010111101010100
0100111000010001011011001111111101000011011000110100001010101
1001100011110011010010011000000001011110010011100101111010101
0011001110000100010110110011111111010000110110001101000010101
1010011000111100110100100110000000010111100100111001011110101
0010110011100001000101101100111111110100001101100011010000101
1010100110001111001101001001100000000101111001001110010111101
0010101100111000010001011011001111111101000011011000110100001
1010101001100011110011010010011000000001011110010011100101111
0010101011001110000100010110110011111111010000110110001101000
1110101010011000111100110100100110000000010111100100111001011
0000101010110011100001000101101100111111110100001101100011010
1111101010100110001111001101001001100000000101111001001110010
0100001010101100111000010001011011001111111101000011011000110
1101111010101001100011110011010010011000000001011110010011100
0101000010101011001110000100010110110011111111010000110110001
1001011110101010011000111100110100100110000000010111100100111
0011010000101010110011100001000101101100111111110100001101100
1110010111101010100110001111001101001001100000000101111001001
0000110100001010101100111000010001011011001111111101000011011
1011100101111010101001100011110011010010011000000001011110010
0110001101000010101011001110000100010110110011111111010000110
1100111001011110101010011000111100110100100110000000010111100
0101100011010000101010110011100001000101101100111111110100001
1001001110010111101010100110001111001101001001100000000101111
0011011000110100001010101100111000010001011011001111111101000
1110010011100101111010101001100011110011010010011000000001011
0000110110001101000010101011001110000100010110110011111111010
1111100100111001011110101010011000111100110100100110000000010
0100001101100011010000101010110011100001000101101100111111110
1101111001001110010111101010100110001111001101001001100000000
0101000011011000110100001010101100111000010001011011001111111
1001011110010011100101111010101001100011110011010010011000000
0111010000110110001101000010101011001110000100010110110011111
1000010111100100111001011110101010011000111100110100100110000
0111110100001101100011010000101010110011100001000101101100111
1000000101111001001110010111101010100110001111001101001001100
0111111101000011011000110100001010101100111000010001011011001
1000000001011110010011100101111010101001100011110011010010011
0011111111010000110110001101000010101011001110000100010110110
1110000000010111100100111001011110101010011000111100110100100
0100111111110100001101100011010000101010110011100001000101101
1001100000000101111001001110010111101010100110001111001101001
0011001111111101000011011000110100001010101100111000010001011
1010011000000001011110010011100101111010101001100011110011010
0110110011111111010000110110001101000010101011001110000100010
1100100110000000010111100100111001011110101010011000111100110
0101101100111111110100001101100011010000101010110011100001000
1101001001100000000101111001001110010111101010100110001111001
0001011011001111111101000011011000110100001010101100111000010