0111111000101001001010001
1011101100010011100001010
1101100101001100110010100
1110110010010100001100110
1111000011100010010101001
1001001111110001000110100
1100010111011000101001001
0110011011001011010000110
0001111101100100011001010
0010111110000110100110001
1000110010011111010011000
0101011000101110100101100
1010001100110110011000101
0011000011111010101010010
0100100101111101000100011
1100010100100010111110010
0110001001010101011111000
0010100110101001101101100
1001001010001101110100011
0001110001010011111000101
1010010001100101100001111
0100101010110000110010111
0011010100011000010111011
0101000110000111001011101
1000101001001010001111110