01010101010101010101010101010
10101001010001100110111110000
01001011010111001100100000111
10001010010100011001101111100
01110010110101110011001000001
10000010100101000110011011111
00111100101101011100110010000
11100000101001010001100110111
00001111001011010111001100100
11111000001010010100011001101
00000011110010110101110011001
10111110000010100101000110011
00100000111100101101011100110
11101111100000101001010001100
01001000001111001011010111001
10011011111000001010010100011
00110010000011110010110101110
11100110111110000010100101000
01001100100000111100101101011
10011001101111100000101001010
01110011001000001111001011010
11000110011011111000001010010
01011100110010000011110010110
11010001100110111110000010100
01010111001100100000111100101
10010100011001101111100000101
00110101110011001000001111001
10100101000110011011111000001
00101101011100110010000011110