01010101010101010101010101010101010101010101010101010101010101010101010101010101010101010
10110111100011000111111000001011001010111011011100010000001100001010010101101100100101110
01000100001110011100000011111010011010100010010001110111111001111010110101001001101101000
11001101111000110001111110000010110010101110110111000100000011000010100101011011001001011
00010001000011100111000000111110100110101000100100011101111110011110101101010010011011010
11110011011110001100011111100000101100101011101101110001000000110000101001010110110010010
01000100010000111001110000001111101001101010001001000111011111100111101011010100100110110
11011100110111100011000111111000001011001010111011011100010000001100001010010101101100100
01010001000100001110011100000011111010011010100010010001110111111001111010110101001001101
10010111001101111000110001111110000010110010101110110111000100000011000010100101011011001
00110100010001000011100111000000111110100110101000100100011101111110011110101101010010011
10100101110011011110001100011111100000101100101011101101110001000000110000101001010110110
01101101000100010000111001110000001111101001101010001001000111011111100111101011010100100
11001001011100110111100011000111111000001011001010111011011100010000001100001010010101101
00011011010001000100001110011100000011111010011010100010010001110111111001111010110101001
10110010010111001101111000110001111110000010110010101110110111000100000011000010100101011
00100110110100010001000011100111000000111110100110101000100100011101111110011110101101010
11101100100101110011011110001100011111100000101100101011101101110001000000110000101001010
01001001101101000100010000111001110000001111101001101010001001000111011111100111101011010
11011011001001011100110111100011000111111000001011001010111011011100010000001100001010010
01010010011011010001000100001110011100000011111010011010100010010001110111111001111010110
11010110110010010111001101111000110001111110000010110010101110110111000100000011000010100
01010100100110110100010001000011100111000000111110100110101000100100011101111110011110101
10010101101100100101110011011110001100011111100000101100101011101101110001000000110000101
00110101001001101101000100010000111001110000001111101001101010001001000111011111100111101
10100101011011001001011100110111100011000111111000001011001010111011011100010000001100001
00101101010010011011010001000100001110011100000011111010011010100010010001110111111001111
10101001010110110010010111001101111000110001111110000010110010101110110111000100000011000
01101011010100100110110100010001000011100111000000111110100110101000100100011101111110011
10001010010101101100100101110011011110001100011111100000101100101011101101110001000000110
01111010110101001001101101000100010000111001110000001111101001101010001001000111011111100
11000010100101011011001001011100110111100011000111111000001011001010111011011100010000001
00011110101101010010011011010001000100001110011100000011111010011010100010010001110111111
10110000101001010110110010010111001101111000110001111110000010110010101110110111000100000
01100111101011010100100110110100010001000011100111000000111110100110101000100100011101111
10001100001010010101101100100101110011011110001100011111100000101100101011101101110001000
01111001111010110101001001101101000100010000111001110000001111101001101010001001000111011
10000011000010100101011011001001011100110111100011000111111000001011001010111011011100010
01111110011110101101010010011011010001000100001110011100000011111010011010100010010001110
11000000110000101001010110110010010111001101111000110001111110000010110010101110110111000
01011111100111101011010100100110110100010001000011100111000000111110100110101000100100011
10010000001100001010010101101100100101110011011110001100011111100000101100101011101101110
01110111111001111010110101001001101101000100010000111001110000001111101001101010001001000
11000100000011000010100101011011001001011100110111100011000111111000001011001010111011011
00011101111110011110101101010010011011010001000100001110011100000011111010011010100010010
11110001000000110000101001010110110010010111001101111000110001111110000010110010101110110
01000111011111100111101011010100100110110100010001000011100111000000111110100110101000100
11011100010000001100001010010101101100100101110011011110001100011111100000101100101011101
00010001110111111001111010110101001001101101000100010000111001110000001111101001101010001
10110111000100000011000010100101011011001001011100110111100011000111111000001011001010111
00100100011101111110011110101101010010011011010001000100001110011100000011111010011010100
11101101110001000000110000101001010110110010010111001101111000110001111110000010110010101
00001001000111011111100111101011010100100110110100010001000011100111000000111110100110101
10111011011100010000001100001010010101101100100101110011011110001100011111100000101100101
00100010010001110111111001111010110101001001101101000100010000111001110000001111101001101
10101110110111000100000011000010100101011011001001011100110111100011000111111000001011001
00101000100100011101111110011110101101010010011011010001000100001110011100000011111010011
10101011101101110001000000110000101001010110110010010111001101111000110001111110000010110
01101010001001000111011111100111101011010100100110110100010001000011100111000000111110100
11001010111011011100010000001100001010010101101100100101110011011110001100011111100000101
00011010100010010001110111111001111010110101001001101101000100010000111001110000001111101
10110010101110110111000100000011000010100101011011001001011100110111100011000111111000001
00100110101000100100011101111110011110101101010010011011010001000100001110011100000011111
10101100101011101101110001000000110000101001010110110010010111001101111000110001111110000
01101001101010001001000111011111100111101011010100100110110100010001000011100111000000111
10001011001010111011011100010000001100001010010101101100100101110011011110001100011111100
01111010011010100010010001110111111001111010110101001001101101000100010000111001110000001
10000010110010101110110111000100000011000010100101011011001001011100110111100011000111111
00111110100110101000100100011101111110011110101101010010011011010001000100001110011100000
11100000101100101011101101110001000000110000101001010110110010010111001101111000110001111
00001111101001101010001001000111011111100111101011010100100110110100010001000011100111000
11111000001011001010111011011100010000001100001010010101101100100101110011011110001100011
00000011111010011010100010010001110111111001111010110101001001101101000100010000111001110
11111110000010110010101110110111000100000011000010100101011011001001011100110111100011000
01000000111110100110101000100100011101111110011110101101010010011011010001000100001110011
10011111100000101100101011101101110001000000110000101001010110110010010111001101111000110
01110000001111101001101010001001000111011111100111101011010100100110110100010001000011100
11000111111000001011001010111011011100010000001100001010010101101100100101110011011110001
00011100000011111010011010100010010001110111111001111010110101001001101101000100010000111
10110001111110000010110010101110110111000100000011000010100101011011001001011100110111100
01100111000000111110100110101000100100011101111110011110101101010010011011010001000100001
10001100011111100000101100101011101101110001000000110000101001010110110010010111001101111
00111001110000001111101001101010001001000111011111100111101011010100100110110100010001000
11100011000111111000001011001010111011011100010000001100001010010101101100100101110011011
00001110011100000011111010011010100010010001110111111001111010110101001001101101000100010
11111000110001111110000010110010101110110111000100000011000010100101011011001001011100110
01000011100111000000111110100110101000100100011101111110011110101101010010011011010001000
11011110001100011111100000101100101011101101110001000000110000101001010110110010010111001
00010000111001110000001111101001101010001001000111011111100111101011010100100110110100010