0101010101010101010101010101010101010101010101010101010101010101010101010101010101010101010101010
1011100000001001010000011011111010011101001101100110011100111101100001010001101011111000101010010
0100001111111011010111110010000010110001011001001100110001100001001111010111001010000011101010110
1100111000000010010100000110111110100111010011011001100111001111011000010100011010111110001010100
0101000011111110110101111100100000101100010110010011001100011000010011110101110010100000111010101
1001001110000000100101000001101111101001110100110110011001110011110110000101000110101111100010101
0011010000111111101101011111001000001011000101100100110011000110000100111101011100101000001110101
1010010011100000001001010000011011111010011101001101100110011100111101100001010001101011111000101
0010110100001111111011010111110010000010110001011001001100110001100001001111010111001010000011101
1010100100111000000010010100000110111110100111010011011001100111001111011000010100011010111110001
0010101101000011111110110101111100100000101100010110010011001100011000010011110101110010100000111
1010101001001110000000100101000001101111101001110100110110011001110011110110000101000110101111100
0110101011010000111111101101011111001000001011000101100100110011000110000100111101011100101000001
1000101010010011100000001001010000011011111010011101001101100110011100111101100001010001101011111
0011101010110100001111111011010111110010000010110001011001001100110001100001001111010111001010000
1110001010100100111000000010010100000110111110100111010011011001100111001111011000010100011010111
0000111010101101000011111110110101111100100000101100010110010011001100011000010011110101110010100
1111100010101001001110000000100101000001101111101001110100110110011001110011110110000101000110101
0000001110101011010000111111101101011111001000001011000101100100110011000110000100111101011100101
1011111000101010010011100000001001010000011011111010011101001101100110011100111101100001010001101
0010000011101010110100001111111011010111110010000010110001011001001100110001100001001111010111001
1010111110001010100100111000000010010100000110111110100111010011011001100111001111011000010100011
0010100000111010101101000011111110110101111100100000101100010110010011001100011000010011110101110
1110101111100010101001001110000000100101000001101111101001110100110110011001110011110110000101000
0100101000001110101011010000111111101101011111001000001011000101100100110011000110000100111101011
1001101011111000101010010011100000001001010000011011111010011101001101100110011100111101100001010
0111001010000011101010110100001111111011010111110010000010110001011001001100110001100001001111010
1100011010111110001010100100111000000010010100000110111110100111010011011001100111001111011000010
0101110010100000111010101101000011111110110101111100100000101100010110010011001100011000010011110
1101000110101111100010101001001110000000100101000001101111101001110100110110011001110011110110000
0101011100101000001110101011010000111111101101011111001000001011000101100100110011000110000100111
1001010001101011111000101010010011100000001001010000011011111010011101001101100110011100111101100
0111010111001010000011101010110100001111111011010111110010000010110001011001001100110001100001001
1000010100011010111110001010100100111000000010010100000110111110100111010011011001100111001111011
0011110101110010100000111010101101000011111110110101111100100000101100010110010011001100011000010
1110000101000110101111100010101001001110000000100101000001101111101001110100110110011001110011110
0100111101011100101000001110101011010000111111101101011111001000001011000101100100110011000110000
1101100001010001101011111000101010010011100000001001010000011011111010011101001101100110011100111
0001001111010111001010000011101010110100001111111011010111110010000010110001011001001100110001100
1111011000010100011010111110001010100100111000000010010100000110111110100111010011011001100111001
0000010011110101110010100000111010101101000011111110110101111100100000101100010110010011001100011
1011110110000101000110101111100010101001001110000000100101000001101111101001110100110110011001110
0110000100111101011100101000001110101011010000111111101101011111001000001011000101100100110011000
1100111101100001010001101011111000101010010011100000001001010000011011111010011101001101100110011
0001100001001111010111001010000011101010110100001111111011010111110010000010110001011001001100110
1111001111011000010100011010111110001010100100111000000010010100000110111110100111010011011001100
0100011000010011110101110010100000111010101101000011111110110101111100100000101100010110010011001
1001110011110110000101000110101111100010101001001110000000100101000001101111101001110100110110011
0011000110000100111101011100101000001110101011010000111111101101011111001000001011000101100100110
1110011100111101100001010001101011111000101010010011100000001001010000011011111010011101001101100
0100110001100001001111010111001010000011101010110100001111111011010111110010000010110001011001001
1001100111001111011000010100011010111110001010100100111000000010010100000110111110100111010011011
0011001100011000010011110101110010100000111010101101000011111110110101111100100000101100010110010
1110011001110011110110000101000110101111100010101001001110000000100101000001101111101001110100110
0100110011000110000100111101011100101000001110101011010000111111101101011111001000001011000101100
1101100110011100111101100001010001101011111000101010010011100000001001010000011011111010011101001
0001001100110001100001001111010111001010000011101010110100001111111011010111110010000010110001011
1011011001100111001111011000010100011010111110001010100100111000000010010100000110111110100111010
0110010011001100011000010011110101110010100000111010101101000011111110110101111100100000101100010
1100110110011001110011110110000101000110101111100010101001001110000000100101000001101111101001110
0101100100110011000110000100111101011100101000001110101011010000111111101101011111001000001011000
1101001101100110011100111101100001010001101011111000101010010011100000001001010000011011111010011
0001011001001100110001100001001111010111001010000011101010110100001111111011010111110010000010110
1111010011011001100111001111011000010100011010111110001010100100111000000010010100000110111110100
0100010110010011001100011000010011110101110010100000111010101101000011111110110101111100100000101
1001110100110110011001110011110110000101000110101111100010101001001110000000100101000001101111101
0011000101100100110011000110000100111101011100101000001110101011010000111111101101011111001000001
1010011101001101100110011100111101100001010001101011111000101010010011100000001001010000011011111
0010110001011001001100110001100001001111010111001010000011101010110100001111111011010111110010000
1110100111010011011001100111001111011000010100011010111110001010100100111000000010010100000110111
0000101100010110010011001100011000010011110101110010100000111010101101000011111110110101111100100
1111101001110100110110011001110011110110000101000110101111100010101001001110000000100101000001101
0000001011000101100100110011000110000100111101011100101000001110101011010000111111101101011111001
1011111010011101001101100110011100111101100001010001101011111000101010010011100000001001010000011
0010000010110001011001001100110001100001001111010111001010000011101010110100001111111011010111110
1110111110100111010011011001100111001111011000010100011010111110001010100100111000000010010100000
0100100000101100010110010011001100011000010011110101110010100000111010101101000011111110110101111
1001101111101001110100110110011001110011110110000101000110101111100010101001001110000000100101000
0111001000001011000101100100110011000110000100111101011100101000001110101011010000111111101101011
1000011011111010011101001101100110011100111101100001010001101011111000101010010011100000001001010
0111110010000010110001011001001100110001100001001111010111001010000011101010110100001111111011010
1100000110111110100111010011011001100111001111011000010100011010111110001010100100111000000010010
0101111100100000101100010110010011001100011000010011110101110010100000111010101101000011111110110
1101000001101111101001110100110110011001110011110110000101000110101111100010101001001110000000100
0101011111001000001011000101100100110011000110000100111101011100101000001110101011010000111111101
1001010000011011111010011101001101100110011100111101100001010001101011111000101010010011100000001
0011010111110010000010110001011001001100110001100001001111010111001010000011101010110100001111111
1010010100000110111110100111010011011001100111001111011000010100011010111110001010100100111000000
0110110101111100100000101100010110010011001100011000010011110101110010100000111010101101000011111
1000100101000001101111101001110100110110011001110011110110000101000110101111100010101001001110000
0111101101011111001000001011000101100100110011000110000100111101011100101000001110101011010000111
1000001001010000011011111010011101001101100110011100111101100001010001101011111000101010010011100
0111111011010111110010000010110001011001001100110001100001001111010111001010000011101010110100001
1000000010010100000110111110100111010011011001100111001111011000010100011010111110001010100100111
0011111110110101111100100000101100010110010011001100011000010011110101110010100000111010101101000
1110000000100101000001101111101001110100110110011001110011110110000101000110101111100010101001001
0000111111101101011111001000001011000101100100110011000110000100111101011100101000001110101011010