011101110110110001101010101111110000000100001101101001111000101110010110000010100
101110011011011100110001110111011000000010100110110100111000110011001011000001010
110011101101101010011100011111101000000001010011011010111000011101100101000100001
110011101001110110101101010000111110001000100001101101101111000110110010100000010
011101110100011011110110001000111011100000010100110110110111000011011001010000001
101110011010101101011011100000111101010000001010011011011111000101101100001000100
101110011110001110010101101110000111100001000101001101000101111010110110010100000
110011101011100011001110110011000111010100000110100110000110111001011011001010000
011101110101010101100011011101000111001010000011010011000011111100101101100001000
101010101011101110110110001101101001111110000000100001000010100111000101110010110
110001110101110011011011100110110100111011000000010100000001010111000110011001011
011100011110011101101101010011011010111101000000001010000100001111000011101100101
101101010110011101001110110001101101000111110001000100100000010101111000110110010
110110001011101110100011011100110110000111011100000010010000001110111000011011001
011011100101110011010101101010011011000111101010000001001000100011111000101101100
010101101101110011110001110101001101110000111100001000010100000000101111010110110
001110110110011101011100011110100110011000111010100000001010000000110111001011011
100011011011101110101010101011010011101000111001010000100001000000011111100101101
110110001101010101011101110000100001101101001111110000110010110000010100111000101
011011100110001110101110011000010100110110100111011000011001011000001010111000110
101101010011100011110011101000001010011011010111101000101100101000100001111000011
001110110101101010110011101001000100001101101000111110110110010100000010101111000
100011011110110001011101110100000010100110110000111011011011001010000001110111000
010101101011011100101110011010000001010011011000111101101101100001000100011111000
110001110010101101101110011100001000101001101110000111010110110010100000000101111
011100011001110110110011101010100000110100110011000111001011011001010000000110111
101010101100011011011101110001010000011010011101000111100101101100001000000011111
111000101110010110000010100011101110110110001101010101111110000000100001101101001
111000110011001011000001010101110011011011100110001110111011000000010100110110100
111000011101100101000100001110011101101101010011100011111101000000001010011011010
101111000110110010100000010110011101001110110101101010000111110001000100001101101
110111000011011001010000001011101110100011011110110001000111011100000010100110110
011111000101101100001000100101110011010101101011011100000111101010000001010011011
000101111010110110010100000101110011110001110010101101110000111100001000101001101
000110111001011011001010000110011101011100011001110110011000111010100000110100110
000011111100101101100001000011101110101010101100011011101000111001010000011010011
000010100111000101110010110101010101011101110110110001101101001111110000000100001
000001010111000110011001011110001110101110011011011100110110100111011000000010100
000100001111000011101100101011100011110011101101101010011011010111101000000001010
100000010101111000110110010101101010110011101001110110001101101000111110001000100
010000001110111000011011001110110001011101110100011011100110110000111011100000010
001000100011111000101101100011011100101110011010101101010011011000111101010000001
010100000000101111010110110010101101101110011110001110101001101110000111100001000
001010000000110111001011011001110110110011101011100011110100110011000111010100000
100001000000011111100101101100011011011101110101010101011010011101000111001010000
110010110000010100111000101110110001101010101011101110000100001101101001111110000
011001011000001010111000110011011100110001110101110011000010100110110100111011000
101100101000100001111000011101101010011100011110011101000001010011011010111101000
110110010100000010101111000001110110101101010110011101001000100001101101000111110
011011001010000001110111000100011011110110001011101110100000010100110110000111011
101101100001000100011111000010101101011011100101110011010000001010011011000111101
010110110010100000000101111110001110010101101101110011100001000101001101110000111
001011011001010000000110111011100011001110110110011101010100000110100110011000111
100101101100001000000011111101010101100011011011101110001010000011010011101000111
111110000000100001101101001111000101110010110000010100011101110110110001101010101
111011000000010100110110100111000110011001011000001010101110011011011100110001110
111101000000001010011011010111000011101100101000100001110011101101101010011100011
000111110001000100001101101101111000110110010100000010110011101001110110101101010
000111011100000010100110110110111000011011001010000001011101110100011011110110001
000111101010000001010011011011111000101101100001000100101110011010101101011011100
110000111100001000101001101000101111010110110010100000101110011110001110010101101
011000111010100000110100110000110111001011011001010000110011101011100011001110110
101000111001010000011010011000011111100101101100001000011101110101010101100011011
101101001111110000000100001000010100111000101110010110101010101011101110110110001
110110100111011000000010100000001010111000110011001011110001110101110011011011100
011011010111101000000001010000100001111000011101100101011100011110011101101101010
001101101000111110001000100100000010101111000110110010101101010110011101001110110
100110110000111011100000010010000001110111000011011001110110001011101110100011011
010011011000111101010000001001000100011111000101101100011011100101110011010101101
101001101110000111100001000010100000000101111010110110010101101101110011110001110
110100110011000111010100000001010000000110111001011011001110110110011101011100011
011010011101000111001010000100001000000011111100101101100011011011101110101010101
000100001101101001111110000110010110000010100111000101110110001101010101011101110
000010100110110100111011000011001011000001010111000110011011100110001110101110011
000001010011011010111101000101100101000100001111000011101101010011100011110011101
001000100001101101000111110110110010100000010101111000001110110101101010110011101
100000010100110110000111011011011001010000001110111000100011011110110001011101110
010000001010011011000111101101101100001000100011111000010101101011011100101110011
100001000101001101110000111010110110010100000000101111110001110010101101101110011
010100000110100110011000111001011011001010000000110111011100011001110110110011101
001010000011010011101000111100101101100001000000011111101010101100011011011101110