0101010101010101010101010101010101010101010101010101010101010101010101010
1011000101110100011010100000110110100110000111001010000001101111011110110
0100011101000101110010101111100100101100111100011010111111001000010000100
1100110001011101000110101000001101101001100001110010100000011011110111101
0001000111010001011100101011111001001011001111000110101111110010000100001
1011001100010111010001101010000011011010011000011100101000000110111101111
0010010001110100010111001010111110010010110011110001101011111100100001000
1110110011000101110100011010100000110110100110000111001010000001101111011
0000100100011101000101110010101111100100101100111100011010111111001000010
1111101100110001011101000110101000001101101001100001110010100000011011110
0100001001000111010001011100101011111001001011001111000110101111110010000
1101111011001100010111010001101010000011011010011000011100101000000110111
0001000010010001110100010111001010111110010010110011110001101011111100100
1111011110110011000101110100011010100000110110100110000111001010000001101
0000010000100100011101000101110010101111100100101100111100011010111111001
1011110111101100110001011101000110101000001101101001100001110010100000011
0010000100001001000111010001011100101011111001001011001111000110101111110
1110111101111011001100010111010001101010000011011010011000011100101000000
0100100001000010010001110100010111001010111110010010110011110001101011111
1001101111011110110011000101110100011010100000110110100110000111001010000
0111001000010000100100011101000101110010101111100100101100111100011010111
1000011011110111101100110001011101000110101000001101101001100001110010100
0111110010000100001001000111010001011100101011111001001011001111000110101
1000000110111101111011001100010111010001101010000011011010011000011100101
0011111100100001000010010001110100010111001010111110010010110011110001101
1010000001101111011110110011000101110100011010100000110110100110000111001
0010111111001000010000100100011101000101110010101111100100101100111100011
1010100000011011110111101100110001011101000110101000001101101001100001110
0110101111110010000100001001000111010001011100101011111001001011001111000
1100101000000110111101111011001100010111010001101010000011011010011000011
0001101011111100100001000010010001110100010111001010111110010010110011110
1111001010000001101111011110110011000101110100011010100000110110100110000
0100011010111111001000010000100100011101000101110010101111100100101100111
1001110010100000011011110111101100110001011101000110101000001101101001100
0111000110101111110010000100001001000111010001011100101011111001001011001
1000011100101000000110111101111011001100010111010001101010000011011010011
0011110001101011111100100001000010010001110100010111001010111110010010110
1110000111001010000001101111011110110011000101110100011010100000110110100
0100111100011010111111001000010000100100011101000101110010101111100100101
1001100001110010100000011011110111101100110001011101000110101000001101101
0011001111000110101111110010000100001001000111010001011100101011111001001
1010011000011100101000000110111101111011001100010111010001101010000011011
0010110011110001101011111100100001000010010001110100010111001010111110010
1110100110000111001010000001101111011110110011000101110100011010100000110
0100101100111100011010111111001000010000100100011101000101110010101111100
1101101001100001110010100000011011110111101100110001011101000110101000001
0001001011001111000110101111110010000100001001000111010001011100101011111
1011011010011000011100101000000110111101111011001100010111010001101010000
0110010010110011110001101011111100100001000010010001110100010111001010111
1000110110100110000111001010000001101111011110110011000101110100011010100
0111100100101100111100011010111111001000010000100100011101000101110010101
1000001101101001100001110010100000011011110111101100110001011101000110101
0011111001001011001111000110101111110010000100001001000111010001011100101
1010000011011010011000011100101000000110111101111011001100010111010001101
0010111110010010110011110001101011111100100001000010010001110100010111001
1010100000110110100110000111001010000001101111011110110011000101110100011
0010101111100100101100111100011010111111001000010000100100011101000101110
1110101000001101101001100001110010100000011011110111101100110001011101000
0100101011111001001011001111000110101111110010000100001001000111010001011
1001101010000011011010011000011100101000000110111101111011001100010111010
0111001010111110010010110011110001101011111100100001000010010001110100010
1100011010100000110110100110000111001010000001101111011110110011000101110
0101110010101111100100101100111100011010111111001000010000100100011101000
1101000110101000001101101001100001110010100000011011110111101100110001011
0001011100101011111001001011001111000110101111110010000100001001000111010
1111010001101010000011011010011000011100101000000110111101111011001100010
0100010111001010111110010010110011110001101011111100100001000010010001110
1101110100011010100000110110100110000111001010000001101111011110110011000
0101000101110010101111100100101100111100011010111111001000010000100100011
1001011101000110101000001101101001100001110010100000011011110111101100110
0111010001011100101011111001001011001111000110101111110010000100001001000
1100010111010001101010000011011010011000011100101000000110111101111011001
0001110100010111001010111110010010110011110001101011111100100001000010010