0010100101001110110000
0001010010100111011000
1000101001000011101100
0100010100100001110110
1010001010000000111011
0101000101010000011101
0010100010111000001110
1001010001001100000111
0100101000110110000011
1010010100011011000001
0101001010011101100000
0000011011101010110101
1000001101110101011010
1100000110101010101101
1110000011010101010110
0111000001101010101011
1011100000110101010101
1101110000011010101010
0110111000001101010101
0011011100010110101010
0001101110001011010101
0000110111010101101010