0001101010110001101110001000
0000110101011000110111000100
0000011010101100011011100010
1000001101010100001101110001
1100000110101010000110111000
0110000011010101000011011100
1011000001101000100001101110
0101100000110100010000110111
1010110000011010001000011011
0101011000001111000100001101
1010101100000111100010000110
1101010110000001110001000011
0110101011000010111000100001
0011010101100011011100010000
0000100011101101100101010011
1000010001110110110010101001
1100001000111011011001010100
0110000100011101101100101010
1011000010001100110110010101
1101100001000110011011001010
1110110000100001001101100101
0111011000010010100110110010
0011101100001001010011011001
0001110110000110101001101100
1000111011000001010100110110
0100011101100000101010011011
0010001110110010010101001101
0001000111011011001010100110