000101100110100011010111001000
000010110011010001101011100100
000001011001101000110101110010
100000101100110000011010111001
010000010110011100001101011100
101000001011001010000110101110
110100000101100001000011010111
011010000010110100100001101011
001101000001011110010000110101
100110100000101111001000011010
110011010000010011100100001101
011001101000001101110010000110
101100110100000010111001000011
010110011010000101011100100001
001011001101000110101110010000
000010011101011011010011001011
100001001110101101101001100101
110000100111010110110100110010
011000010011101011011010011001
101100001001110101101101001100
010110000100111010110110100110
101011000010011001011011010011
110101100001001100101101101001
111010110000100110010110110100
011101011000010011001011011010
001110101100001001100101101101
100111010110000100110010110110
010011101011000010011001011011
001001110101100101001100101101
000100111010110110100110010110