00001101110110000111001011010100
00000110111011000011100101101010
00000011011101100001110010110101
00000001101110111000111001011010
10000000110111010100011100101101
11000000011011101010001110010110
01100000001101110101000111001011
10110000000110111010100011100101
11011000000011011101010001110010
11101100000001100110101000111001
01110110000000111011010100011100
10111011000000010101101010001110
11011101100000000010110101000111
01101110110000001001011010100011
00110111011000001100101101010001
00011011101100001110010110101000
00010101101001110111001000100111
10001010110100111011100100010011
11000101011010011101110010001001
11100010101101001110111001000100
01110001010110100111011100100010
00111000101011010011101110010001
10011100010101101001110111001000
01001110001010110100111011100100
10100111000101010010011101110010
11010011100010100001001110111001
01101001110001011000100111011100
10110100111000100100010011101110
01011010011100010010001001110111
10101101001110001001000100111011
01010110100111001100100010011101
00101011010011101110010001001110