0000101101110110100001000111001001110001
0000010110111011010010100011100100111000
0000001011011101101001010001110010011100
0000000101101110110100101000111001001110
1000000010110111011000010100011100100111
0100000001011011101110001010001110010011
1010000000101101110111000101000111001001
1101000000010110111011100010100011100100
0110100000001011011101110001010001110010
1011010000000101101100111000101000111001
1101101000000010110110011100010100011100
1110110100000001011001001110001010001110
0111011010000000101100100111000101000111
1011101101000000010110010011100010100011
1101110110100000001011001001110001010001
0110111011010000000111100100111000101000
1011011101101000000001110010011100010100
0101101110110100000000111001001110001010
0010110111011010000000011100100111000101
0001011011101101000010001110010011100010
0100011100100111000101110100100010010111
1010001110010011100010111010010001001011
0101000111001001110011011101001000100101
0010100011100100111011101110100100010010
0001010001110010011101110111010010001001
1000101000111001001110111011101001000100
1100010100011100100101011101110100100010
1110001010001110010000101110111010010001
0111000101000111001010010111011101001000
0011100010100011100101001011101110100100
1001110001010001110000100101110111010010
0100111000101000111000010010111011101001
0010011100010100011110001001011101110100
1001001110001010001101000100101110111010
1100100111000101000100100010010111011101
1110010011100010100010010001001011101110
0111001001110001010001001000100101110111
0011100100111000101010100100010010111011
0001110010011100010111010010001001011101
1000111001001110001011101001000100101110