00000111101100110111100000011101010010010010101110
00000011110110011011110000001110101001001001010111
00000001111011001101111001000111010100100100101011
00000000111101100110111101100011101010010010010101
00000000011110110011011111110001110101001001001010
10000000001111011001101110111000111010100100100101
11000000000111101100110111011100011101010010010010
11100000000011110110011010101110001110101001001001
11110000000001111011001101010111000111010100100100
01111000000000111101100110101011100011101010010010
10111100000000011110110010010101110001110101001001
11011110000000001111011001001010111000111010100100
01101111000000000111101100100101011100011101010010
00110111100000000011110110010010101110001110101001
10011011110000000001111011001001010111000111010100
11001101111000000000111100100100101011100011101010
01100110111100000000011110010010010101110001110101
10110011011110000000001111001001001010111000111010
11011001101111000000000110100100100101011100011101
11101100110111100000000011010010010010101110001110
11110110011011110000000000101001001001010111000111
01111011001101111000000001010100100100101011100011
00111101100110111100000001101010010010010101110001
00011110110011011110000001110101001001001010111000
00001111011001101111000000111010100100100101011100
00111010100100100101011100111100001001100100001111
00011101010010010010101111011110000100110010000111
10001110101001001001010111101111000010011001000011
11000111010100100100101011110111100001001100100001
11100011101010010010010101111011110000100110010000
01110001110101001001001010111101111000010011001000
10111000111010100100100100011110111100001001100100
01011100011101010010010010001111011110000100110010
10101110001110101001001000000111101111000010011001
01010111000111010100100101000011110111100001001100
00101011100011101010010010100001111011110000100110
10010101110001110101001000010000111101111000010011
01001010111000111010100101001000011110111100001001
00100101011100011101010011100100001111011110000100
10010010101110001110101000110010000111101111000010
01001001010111000111010100011001000011110111100001
00100100101011100011101011001100100001111011110000
10010010010101110001110100100110010000111101111000
01001001001010111000111010010011001000011110111100
10100100100101011100011100001001100100001111011110
01010010010010101110001110000100110010000111101111
10101001001001010111000111000010011001000011110111
11010100100100101011100011100001001100100001111011
11101010010010010101110001110000100110010000111101
01110101001001001010111001111000010011001000011110
