0000011001000010010000000000100100000001100100000100
0000001101000010110010000000010000100000000001000001
0000000001000000000000100010101000100011100010000010
0000001100001010000001010100000000100000010000000010
0000000001001000100000000010110001101000000011000000
1000000000000000001101000010000010110010010010000000
1101000000000001001100001010000000000010000010100000
0101000000000001000000000010100100000001000000101100
0000000000011001110100100000000110000100000000010000
1110100000010100000001000000000010010000011000000000
0000000000011010100101000100000100001000000000100010
0000000011100000001000010010000000100001000011000100
0001100010100000000010000001001000010001000100001000
0000000001000000100010000110010000100000000101011000
1101000000100000000000100010000011000100000000011000
0000001110000000000000000001001001111000010100000000
0100100010100100001000010000000000000000111000000100
1100000010000000000001010110000000001000000000101010
0000011000010000100000100000101100000000000000001011
0000011010100000000000010000110000000000001000001001
0100000000001100000000000000100101001000110010000100
0001010001100000010000101000000001000000100100010000
0010000010000010001001000101000000001000000001100100
0001000000010000110100000001001101010000000100000000
0000001000000000000001000000100110110001010000001100
0001000000100100010000100000101001010000000010000001
0010111100010110010000000000000000000000001000000001
0000000000001001000000110000110010000010001000010010
1010100100000000001110001101000000000100000000000000
0100100000000100000100000001000100000101110000000100
0010000000001001001000010100000010000100000001010100
1000000110100000001010011000010000000010001000000000
0000010011000010000000001001001000001000100100100000
0000100000000011000011010100000000000011000000100010
0111110000010101000000001000000000000000001000100000
0000010001001001000000011100000000000100100000000010
0000100000100001010010100000000010000101000000010000
0000000010000010000000000000111000011010001100100000
0010011000000000000000000001000101000100000001001101
1010000100011000000000001000010001001000001000000001
1010000000000000100011000000010010010000000001001001
0001010001000001100010001000010000000000000001100001
0000000001000000100100000011000100100101000011000000
1000000000001101000001010000000010000100000010000011
0010111000010000000010000100000000000000001100011000
0100100000010100000000100000001000000010111000000010
0000001100100000010000100000000011100100010000010000
0000000010000110000001000001001000001000000010100001
0000000100001110011100001000000000000010100010000000
1000000100010000100010101000011000000010000000000010
0011000000100000011000000001000001010000000101000100
0100000000000000001100000110000000000011110100010000