2 6 7 9 11 13 15 17 18 20 21 23 24 26 28 32
3 4 5 9 11 13 15 17 18 21 22 23 25 27 29 33
0 4 5 8 10 12 14 16 19 20 21 22 25 27 28 32
1 6 7 8 10 12 14 16 19 20 22 23 24 26 29 34
1 2 7 8 10 11 13 17 19 20 22 24 26 31 34
1 2 6 8 9 11 14 17 19 21 23 24 26 30 34
0 3 5 9 10 11 12 16 18 21 23 25 27 31 34
0 3 4 8 9 10 15 16 18 20 22 25 27 30 34
2 3 4 5 7 9 12 15 17 23 24 27 29 31 32
0 1 5 6 7 8 13 14 16 22 25 26 29 31 32
2 3 4 6 7 11 13 14 18 21 25 26 28 30 33
0 1 4 5 6 10 12 15 19 20 24 27 28 30 33
2 3 6 8 11 13 15 17 18 20 22 25 31 33
0 1 4 9 10 12 14 16 19 21 23 24 31 33
2 3 5 9 10 13 15 17 18 20 22 24 30 32
0 1 7 8 11 12 14 16 19 21 23 25 30 32
2 3 6 7 9 13 15 19 21 24 27 29 32 34
0 1 4 5 8 12 14 18 20 25 26 29 32 34
0 1 6 7 10 12 14 17 22 24 27 28 33 34
2 3 4 5 11 13 15 16 23 25 26 28 33 34
0 2 3 4 7 11 12 14 17 23 27 29 30 31
0 1 2 5 6 10 13 15 16 22 26 29 30 31
1 2 3 4 7 9 12 14 18 21 26 28 30 31
0 1 3 5 6 8 13 15 19 20 27 28 30 31
0 3 4 5 8 11 13 14 16 18 26 27 32 33 34
1 2 6 7 9 10 12 15 17 19 26 27 32 33 34
0 3 4 5 9 10 17 19 21 22 24 25 28 29
1 2 6 7 8 11 16 18 20 23 24 25 28 29
0 2 10 11 18 19 22 23 26 27 29 31 34
1 3 8 9 16 17 20 21 26 27 28 30 34
5 7 10 11 14 15 20 21 22 23 29 31 34
4 6 8 9 12 13 20 21 22 23 28 34
0 2 8 9 14 15 16 17 24 25 33
1 3 10 11 12 13 18 19 24 25 32 34
4 5 6 7 16 17 18 19 24 25 28 29 30 31 33