001101100011100000010011011000000000110000110110001000001
000110110001110000010001111100000000011000011011001001000
100011011000111000000000110110000000001100001101000001001
110001101100001100000000011011000000000111000110100000010
011000110110001110000000001101100000000011100011000100100
101100011011000011000000000110110000000001110001000000110
110110001101100001100000000011011000000000111000000001010
011011000110110000100000000001101100000000011100000011100
001101100011011000001000000000110110000000001110001010101
000110110001111100001100000000011011000000000111001001000
100011011000110110000110000000001101100000000011010001000
110001101100011011000011000000000110110000000001011000010
111000110110001111100001100000000011011000000000101100010
011000011111000110100000110000000001101100000000110110000
001110001101100011011000011000000000110110000000010010000
000110000110110001111100001100000000011011000000000111000
000011000011111000100110000110000000001101100000000011001
000001100001101100011011000111000000000110110000100010000
000000110000110110011101100011100000000011011000100000000
110000000000001101100000000011011000010000000100110101101
000000001100001101100011011000111000000000110110101000000
000000000110000110100001101100011100000000011011001010001
100000000011000011001000110110001110000000001101000010011
110000000001100001101100011011000111000000000110000001010
011000000000110000100110001101100011100000000011010011100
111100000000011000001011000110110001110000000001010010110
110110000000001100001101100011011000011000000000011000010
011011000000000111000110110001101100001100000000001000100
001101100000000011110011011000110110000110000000001000100
000110110000000001110001101100011011000011000000000110000
000011011000000000101000110110001101100001100000010110000
000001101100000000011100011011000110110000110000010010000
000000110110000000011110001101100011011000011000010000001
000000011011000000000111000110110001101100001100110000000
000000001101100000000011100011011000110110000110010100000
000000000110110000000001110001101100011011000011000101000
100000000011011000000000110000110110001111100001000000101
110000000001101100010000011000011011000110110000100000000
011000000000110110000000001100001101100011011000100000001
001100000000011011000000000110000110110001111100011000001
000110000000001101100000000011000011111000110110101001000
000111000000000110100000000001100001101100011011110010100
100011100000000011001000000000110000110110001101001010100
110001110000000001101100000000011000011111000110001100000
011000111000000000100110000000001100001101100011000110100
101100011100000000011011000000000110000110110001000010110
110110001110000000001101100000000011000011011000000100010
011011000111000000000110110000000001100001101100010100001
000100000000110001111000000000000100011011000000011000111
000000000011011000010000111000111110000101000001101101010
110000001101100000001100001110000000000110110000110101101
000010000000110100010000000001100011000000011011011000111
000000011000011111000110110001110000000001101100000001000
011000110110000110010001100000000001000010000000011010111
000011011000000000010000110110000000100001101100101101010
000101100001100000000011011000000000000000000110110101101
101000001000000010010110000000001000101100000001101101010
