000001111111111000000000000000000111111111111
000110101000000000111000111000111000111111111
000111010000000000111111000111000111000111111
011000110000000111000111000000111111111000111
011001001000000111000000111111000111111111000
101010100000111111111000000111000000111000111
110101000000111111111000000000111111000111000
101100001111000111111111000000000000111111000
110010010111000111111000111000000111000000111
100000011000011011001011011011011001001011011
100000011000101101100101101101101100100101101
100000011000110110010110110110110010010110110
100001100011000001011011011101101110110010010
100001100101000100101101101110110011011001001
100001100110000010110110110011011101101100100
000111111011010011100100100101101001001010010
000111111101001101010010010110110100100001001
000111111110100110001001001011011010010100100
011001111010011100011110110001001010010001001
011001111001101010101011011100100001001100100
011001111100110001110101101010010100100010010
001100010011011100101000011011110101110010100
001100010101101010110000101101011110011001010
001100010110110001011000110110101011101100001
010010001011011100101011000110011110101100010
010010001101101010110101000011101011110010001
010010001110110001011110000101110101011001100
001011000011110110010011101000011001100011101
001011000101011011001101110000101100010101110
001011000110101101100110011000110010001110011
010100100011110110010101011011000100001101011
010100100101011011001110101101000010100110101
010100100110101101100011110110000001010011110
101110101010101010001110101010100011100001010
101110101001110001100011110001010101010100001
101110101100011100010101011100001110001010100
110111010010101010001101110100010100011010001
110111010001110001100110011010001010101001100
110111010100011100010011101001100001110100010
111010110011001001010001100011110010001011100
111010110101100100001100010101011001100101010
111010110110010010100010001110101100010110001
111101001011001001010100001110011001010100011
111101001101100100001010100011101100001010101
111101001110010010100001010101110010100001110