0000111011011100000110100110010110
0000011101101110000011010011001011
0000001110110111010001101001100101
0000000111011011111000110100110010
1000000011101101101100011010011001
1100000001110110110110001101001100
1110000000111011001011000110100110
0111000000011101100101100011010011
1011100000001110110010110001101001
1101110000000111011001011000110100
0110111000000011101100101100011010
1011011100000001100110010110001101
1101101110000000110011001011000110
1110110111000000001001100101100011
0111011011100000010100110010110001
0011101101110000011010011001011000
0001110110111000001101001100101100
0011010011001011001110001001000111
0001101001100101110111000100100011
1000110100110010111011100010010001
1100011010011001011101110001001000
0110001101001100101110111000100100
1011000110100110000111011100010010
0101100011010011000011101110001001
0010110001101001110001110111000100
1001011000110100101000111011100010
1100101100011010000100011101110001
0110010110001101010010001110111000
0011001011000110101001000111011100
1001100101100011000100100011101110
0100110010110001100010010001110111
1010011001011000110001001000111011
1101001100101100011000100100011101
0110100110010110011100010010001110
