Result 1 B2:
Index, Spine, Page
24, (7, 8), (6, 12)
25, (7, 8), (6, 12)
26, (7, 8), (6, 12)
27, (7, 8), (6, 12)
28, (7, 8), (6, 12)
29, (7, 8), (6, 12)
30, (7, 8), (6, 12)
31, (7, 8), (6, 12)
40, (6, 8), (7, 12)
41, (6, 8), (7, 12)
42, (6, 8), (7, 12)
43, (6, 8), (7, 12)
44, (6, 8), (7, 12)
45, (6, 8), (7, 12)
46, (6, 8), (7, 12)
47, (6, 8), (7, 12)
48, (6, 7), (8, 12)
49, (6, 7), (8, 12)
50, (6, 7), (8, 12)
51, (6, 7), (8, 12)
52, (6, 7), (8, 12)
53, (6, 7), (8, 12)
54, (6, 7), (8, 12)
55, (6, 7), (8, 12)
72, (5, 8), (2, 12)
73, (5, 8), (2, 12)
74, (5, 8), (2, 12)
75, (5, 8), (2, 12)
76, (5, 8), (2, 12)
77, (5, 8), (2, 12)
78, (5, 8), (2, 12)
79, (5, 8), (2, 12)
88, (5, 8), (2, 12)
89, (5, 8), (2, 12)
90, (5, 8), (2, 12)
91, (5, 8), (2, 12)
92, (5, 8), (2, 12)
93, (5, 8), (2, 12)
94, (5, 8), (2, 12)
95, (5, 8), (2, 12)
104, (5, 8), (2, 12)
105, (5, 8), (2, 12)
106, (5, 8), (2, 12)
107, (5, 8), (2, 12)
108, (5, 8), (2, 12)
109, (5, 8), (2, 12)
110, (5, 8), (2, 12)
111, (5, 8), (2, 12)
112, (6, 7), (8, 12)
113, (6, 7), (8, 12)
114, (6, 7), (8, 12)
115, (6, 7), (8, 12)
116, (6, 7), (8, 12)
117, (6, 7), (8, 12)
118, (6, 7), (8, 12)
119, (6, 7), (8, 12)
120, (5, 8), (2, 12)
121, (5, 8), (2, 12)
122, (5, 8), (2, 12)
123, (5, 8), (2, 12)
124, (5, 8), (2, 12)
125, (5, 8), (2, 12)
126, (5, 8), (2, 12)
127, (5, 8), (2, 12)
144, (4, 7), (1, 12)
145, (4, 7), (1, 12)
146, (4, 7), (1, 12)
147, (4, 7), (1, 12)
148, (4, 7), (1, 12)
149, (4, 7), (1, 12)
150, (4, 7), (1, 12)
151, (4, 7), (1, 12)
152, (4, 7), (1, 12)
153, (4, 7), (1, 12)
154, (4, 7), (1, 12)
155, (4, 7), (1, 12)
156, (4, 7), (1, 12)
157, (4, 7), (1, 12)
158, (4, 7), (1, 12)
159, (4, 7), (1, 12)
168, (6, 8), (7, 12)
169, (6, 8), (7, 12)
170, (6, 8), (7, 12)
171, (6, 8), (7, 12)
172, (6, 8), (7, 12)
173, (6, 8), (7, 12)
174, (6, 8), (7, 12)
175, (6, 8), (7, 12)
176, (4, 7), (1, 12)
177, (4, 7), (1, 12)
178, (4, 7), (1, 12)
179, (4, 7), (1, 12)
180, (4, 7), (1, 12)
181, (4, 7), (1, 12)
182, (4, 7), (1, 12)
183, (4, 7), (1, 12)
184, (4, 7), (1, 12)
185, (4, 7), (1, 12)
186, (4, 7), (1, 12)
187, (4, 7), (1, 12)
188, (4, 7), (1, 12)
189, (4, 7), (1, 12)
190, (4, 7), (1, 12)
191, (4, 7), (1, 12)
192, (4, 5), (3, 12)
193, (4, 5), (3, 12)
194, (4, 5), (3, 12)
195, (4, 5), (3, 12)
196, (4, 5), (3, 12)
197, (4, 5), (3, 12)
198, (4, 5), (3, 12)
199, (4, 5), (3, 12)
200, (5, 8), (2, 12)
201, (5, 8), (2, 12)
202, (5, 8), (2, 12)
203, (5, 8), (2, 12)
204, (5, 8), (2, 12)
205, (5, 8), (2, 12)
206, (5, 8), (2, 12)
207, (5, 8), (2, 12)
208, (4, 7), (1, 12)
209, (4, 7), (1, 12)
210, (4, 7), (1, 12)
211, (4, 7), (1, 12)
212, (4, 7), (1, 12)
213, (4, 7), (1, 12)
214, (4, 7), (1, 12)
215, (4, 7), (1, 12)
216, (4, 7), (1, 12)
217, (4, 7), (1, 12)
218, (4, 7), (1, 12)
219, (4, 7), (1, 12)
220, (4, 7), (1, 12)
221, (4, 7), (1, 12)
222, (4, 7), (1, 12)
223, (4, 7), (1, 12)
224, (4, 5), (3, 12)
225, (4, 5), (3, 12)
226, (4, 5), (3, 12)
227, (4, 5), (3, 12)
228, (4, 5), (3, 12)
229, (4, 5), (3, 12)
230, (4, 5), (3, 12)
231, (4, 5), (3, 12)
232, (5, 8), (2, 12)
233, (5, 8), (2, 12)
234, (5, 8), (2, 12)
235, (5, 8), (2, 12)
236, (5, 8), (2, 12)
237, (5, 8), (2, 12)
238, (5, 8), (2, 12)
239, (5, 8), (2, 12)
240, (4, 7), (1, 12)
241, (4, 7), (1, 12)
242, (4, 7), (1, 12)
243, (4, 7), (1, 12)
244, (4, 7), (1, 12)
245, (4, 7), (1, 12)
246, (4, 7), (1, 12)
247, (4, 7), (1, 12)
248, (4, 7), (1, 12)
249, (4, 7), (1, 12)
250, (4, 7), (1, 12)
251, (4, 7), (1, 12)
252, (4, 7), (1, 12)
253, (4, 7), (1, 12)
254, (4, 7), (1, 12)
255, (4, 7), (1, 12)
280, (7, 8), (6, 12)
281, (7, 8), (6, 12)
282, (7, 8), (6, 12)
283, (7, 8), (6, 12)
284, (7, 8), (6, 12)
285, (7, 8), (6, 12)
286, (7, 8), (6, 12)
287, (7, 8), (6, 12)
288, (3, 6), (0, 12)
289, (3, 6), (0, 12)
290, (3, 6), (0, 12)
291, (3, 6), (0, 12)
292, (3, 6), (0, 12)
293, (3, 6), (0, 12)
294, (3, 6), (0, 12)
295, (3, 6), (0, 12)
296, (3, 6), (0, 12)
297, (3, 6), (0, 12)
298, (3, 6), (0, 12)
299, (3, 6), (0, 12)
300, (3, 6), (0, 12)
301, (3, 6), (0, 12)
302, (3, 6), (0, 12)
303, (3, 6), (0, 12)
304, (3, 6), (0, 12)
305, (3, 6), (0, 12)
306, (3, 6), (0, 12)
307, (3, 6), (0, 12)
308, (3, 6), (0, 12)
309, (3, 6), (0, 12)
310, (3, 6), (0, 12)
311, (3, 6), (0, 12)
312, (3, 6), (0, 12)
313, (3, 6), (0, 12)
314, (3, 6), (0, 12)
315, (3, 6), (0, 12)
316, (3, 6), (0, 12)
317, (3, 6), (0, 12)
318, (3, 6), (0, 12)
319, (3, 6), (0, 12)
320, (3, 5), (4, 12)
321, (3, 5), (4, 12)
322, (3, 5), (4, 12)
323, (3, 5), (4, 12)
324, (3, 5), (4, 12)
325, (3, 5), (4, 12)
326, (3, 5), (4, 12)
327, (3, 5), (4, 12)
328, (5, 8), (2, 12)
329, (5, 8), (2, 12)
330, (5, 8), (2, 12)
331, (5, 8), (2, 12)
332, (5, 8), (2, 12)
333, (5, 8), (2, 12)
334, (5, 8), (2, 12)
335, (5, 8), (2, 12)
336, (3, 5), (4, 12)
337, (3, 5), (4, 12)
338, (3, 5), (4, 12)
339, (3, 5), (4, 12)
340, (3, 5), (4, 12)
341, (3, 5), (4, 12)
342, (3, 5), (4, 12)
343, (3, 5), (4, 12)
344, (5, 8), (2, 12)
345, (5, 8), (2, 12)
346, (5, 8), (2, 12)
347, (5, 8), (2, 12)
348, (5, 8), (2, 12)
349, (5, 8), (2, 12)
350, (5, 8), (2, 12)
351, (5, 8), (2, 12)
352, (3, 6), (0, 12)
353, (3, 6), (0, 12)
354, (3, 6), (0, 12)
355, (3, 6), (0, 12)
356, (3, 6), (0, 12)
357, (3, 6), (0, 12)
358, (3, 6), (0, 12)
359, (3, 6), (0, 12)
360, (3, 6), (0, 12)
361, (3, 6), (0, 12)
362, (3, 6), (0, 12)
363, (3, 6), (0, 12)
364, (3, 6), (0, 12)
365, (3, 6), (0, 12)
366, (3, 6), (0, 12)
367, (3, 6), (0, 12)
368, (3, 6), (0, 12)
369, (3, 6), (0, 12)
370, (3, 6), (0, 12)
371, (3, 6), (0, 12)
372, (3, 6), (0, 12)
373, (3, 6), (0, 12)
374, (3, 6), (0, 12)
375, (3, 6), (0, 12)
376, (3, 6), (0, 12)
377, (3, 6), (0, 12)
378, (3, 6), (0, 12)
379, (3, 6), (0, 12)
380, (3, 6), (0, 12)
381, (3, 6), (0, 12)
382, (3, 6), (0, 12)
383, (3, 6), (0, 12)
384, (3, 4), (5, 12)
385, (3, 4), (5, 12)
386, (3, 4), (5, 12)
387, (3, 4), (5, 12)
388, (3, 4), (5, 12)
389, (3, 4), (5, 12)
390, (3, 4), (5, 12)
391, (3, 4), (5, 12)
392, (3, 4), (5, 12)
393, (3, 4), (5, 12)
394, (3, 4), (5, 12)
395, (3, 4), (5, 12)
396, (3, 4), (5, 12)
397, (3, 4), (5, 12)
398, (3, 4), (5, 12)
399, (3, 4), (5, 12)
400, (4, 7), (1, 12)
401, (4, 7), (1, 12)
402, (4, 7), (1, 12)
403, (4, 7), (1, 12)
404, (4, 7), (1, 12)
405, (4, 7), (1, 12)
406, (4, 7), (1, 12)
407, (4, 7), (1, 12)
408, (4, 7), (1, 12)
409, (4, 7), (1, 12)
410, (4, 7), (1, 12)
411, (4, 7), (1, 12)
412, (4, 7), (1, 12)
413, (4, 7), (1, 12)
414, (4, 7), (1, 12)
415, (4, 7), (1, 12)
416, (3, 6), (0, 12)
417, (3, 6), (0, 12)
418, (3, 6), (0, 12)
419, (3, 6), (0, 12)
420, (3, 6), (0, 12)
421, (3, 6), (0, 12)
422, (3, 6), (0, 12)
423, (3, 6), (0, 12)
424, (3, 6), (0, 12)
425, (3, 6), (0, 12)
426, (3, 6), (0, 12)
427, (3, 6), (0, 12)
428, (3, 6), (0, 12)
429, (3, 6), (0, 12)
430, (3, 6), (0, 12)
431, (3, 6), (0, 12)
432, (3, 6), (0, 12)
433, (3, 6), (0, 12)
434, (3, 6), (0, 12)
435, (3, 6), (0, 12)
436, (3, 6), (0, 12)
437, (3, 6), (0, 12)
438, (3, 6), (0, 12)
439, (3, 6), (0, 12)
440, (3, 6), (0, 12)
441, (3, 6), (0, 12)
442, (3, 6), (0, 12)
443, (3, 6), (0, 12)
444, (3, 6), (0, 12)
445, (3, 6), (0, 12)
446, (3, 6), (0, 12)
447, (3, 6), (0, 12)
456, (5, 8), (2, 12)
457, (5, 8), (2, 12)
458, (5, 8), (2, 12)
459, (5, 8), (2, 12)
460, (5, 8), (2, 12)
461, (5, 8), (2, 12)
462, (5, 8), (2, 12)
463, (5, 8), (2, 12)
464, (4, 7), (1, 12)
465, (4, 7), (1, 12)
466, (4, 7), (1, 12)
467, (4, 7), (1, 12)
468, (4, 7), (1, 12)
469, (4, 7), (1, 12)
470, (4, 7), (1, 12)
471, (4, 7), (1, 12)
472, (4, 7), (1, 12)
473, (4, 7), (1, 12)
474, (4, 7), (1, 12)
475, (4, 7), (1, 12)
476, (4, 7), (1, 12)
477, (4, 7), (1, 12)
478, (4, 7), (1, 12)
479, (4, 7), (1, 12)
480, (3, 6), (0, 12)
481, (3, 6), (0, 12)
482, (3, 6), (0, 12)
483, (3, 6), (0, 12)
484, (3, 6), (0, 12)
485, (3, 6), (0, 12)
486, (3, 6), (0, 12)
487, (3, 6), (0, 12)
488, (3, 6), (0, 12)
489, (3, 6), (0, 12)
490, (3, 6), (0, 12)
491, (3, 6), (0, 12)
492, (3, 6), (0, 12)
493, (3, 6), (0, 12)
494, (3, 6), (0, 12)
495, (3, 6), (0, 12)
496, (3, 6), (0, 12)
497, (3, 6), (0, 12)
498, (3, 6), (0, 12)
499, (3, 6), (0, 12)
500, (3, 6), (0, 12)
501, (3, 6), (0, 12)
502, (3, 6), (0, 12)
503, (3, 6), (0, 12)
504, (3, 6), (0, 12)
505, (3, 6), (0, 12)
506, (3, 6), (0, 12)
507, (3, 6), (0, 12)
508, (3, 6), (0, 12)
509, (3, 6), (0, 12)
510, (3, 6), (0, 12)
511, (3, 6), (0, 12)
520, (2, 8), (5, 12)
521, (2, 8), (5, 12)
522, (2, 8), (5, 12)
523, (2, 8), (5, 12)
524, (2, 8), (5, 12)
525, (2, 8), (5, 12)
526, (2, 8), (5, 12)
527, (2, 8), (5, 12)
536, (2, 8), (5, 12)
537, (2, 8), (5, 12)
538, (2, 8), (5, 12)
539, (2, 8), (5, 12)
540, (2, 8), (5, 12)
541, (2, 8), (5, 12)
542, (2, 8), (5, 12)
543, (2, 8), (5, 12)
552, (2, 8), (5, 12)
553, (2, 8), (5, 12)
554, (2, 8), (5, 12)
555, (2, 8), (5, 12)
556, (2, 8), (5, 12)
557, (2, 8), (5, 12)
558, (2, 8), (5, 12)
559, (2, 8), (5, 12)
560, (6, 7), (8, 12)
561, (6, 7), (8, 12)
562, (6, 7), (8, 12)
563, (6, 7), (8, 12)
564, (6, 7), (8, 12)
565, (6, 7), (8, 12)
566, (6, 7), (8, 12)
567, (6, 7), (8, 12)
568, (2, 8), (5, 12)
569, (2, 8), (5, 12)
570, (2, 8), (5, 12)
571, (2, 8), (5, 12)
572, (2, 8), (5, 12)
573, (2, 8), (5, 12)
574, (2, 8), (5, 12)
575, (2, 8), (5, 12)
576, (2, 5), (8, 12)
577, (2, 5), (8, 12)
578, (2, 5), (8, 12)
579, (2, 5), (8, 12)
580, (2, 5), (8, 12)
581, (2, 5), (8, 12)
582, (2, 5), (8, 12)
583, (2, 5), (8, 12)
592, (2, 5), (8, 12)
593, (2, 5), (8, 12)
594, (2, 5), (8, 12)
595, (2, 5), (8, 12)
596, (2, 5), (8, 12)
597, (2, 5), (8, 12)
598, (2, 5), (8, 12)
599, (2, 5), (8, 12)
600, (7, 8), (6, 12)
601, (7, 8), (6, 12)
602, (7, 8), (6, 12)
603, (7, 8), (6, 12)
604, (7, 8), (6, 12)
605, (7, 8), (6, 12)
606, (7, 8), (6, 12)
607, (7, 8), (6, 12)
608, (2, 5), (8, 12)
609, (2, 5), (8, 12)
610, (2, 5), (8, 12)
611, (2, 5), (8, 12)
612, (2, 5), (8, 12)
613, (2, 5), (8, 12)
614, (2, 5), (8, 12)
615, (2, 5), (8, 12)
616, (6, 8), (7, 12)
617, (6, 8), (7, 12)
618, (6, 8), (7, 12)
619, (6, 8), (7, 12)
620, (6, 8), (7, 12)
621, (6, 8), (7, 12)
622, (6, 8), (7, 12)
623, (6, 8), (7, 12)
624, (2, 5), (8, 12)
625, (2, 5), (8, 12)
626, (2, 5), (8, 12)
627, (2, 5), (8, 12)
628, (2, 5), (8, 12)
629, (2, 5), (8, 12)
630, (2, 5), (8, 12)
631, (2, 5), (8, 12)
648, (2, 8), (5, 12)
649, (2, 8), (5, 12)
650, (2, 8), (5, 12)
651, (2, 8), (5, 12)
652, (2, 8), (5, 12)
653, (2, 8), (5, 12)
654, (2, 8), (5, 12)
655, (2, 8), (5, 12)
656, (4, 7), (1, 12)
657, (4, 7), (1, 12)
658, (4, 7), (1, 12)
659, (4, 7), (1, 12)
660, (4, 7), (1, 12)
661, (4, 7), (1, 12)
662, (4, 7), (1, 12)
663, (4, 7), (1, 12)
664, (4, 7), (1, 12)
665, (4, 7), (1, 12)
666, (4, 7), (1, 12)
667, (4, 7), (1, 12)
668, (4, 7), (1, 12)
669, (4, 7), (1, 12)
670, (4, 7), (1, 12)
671, (4, 7), (1, 12)
680, (2, 8), (5, 12)
681, (2, 8), (5, 12)
682, (2, 8), (5, 12)
683, (2, 8), (5, 12)
684, (2, 8), (5, 12)
685, (2, 8), (5, 12)
686, (2, 8), (5, 12)
687, (2, 8), (5, 12)
688, (4, 7), (1, 12)
689, (4, 7), (1, 12)
690, (4, 7), (1, 12)
691, (4, 7), (1, 12)
692, (4, 7), (1, 12)
693, (4, 7), (1, 12)
694, (4, 7), (1, 12)
695, (4, 7), (1, 12)
696, (4, 7), (1, 12)
697, (4, 7), (1, 12)
698, (4, 7), (1, 12)
699, (4, 7), (1, 12)
700, (4, 7), (1, 12)
701, (4, 7), (1, 12)
702, (4, 7), (1, 12)
703, (4, 7), (1, 12)
704, (4, 5), (3, 12)
705, (4, 5), (3, 12)
706, (4, 5), (3, 12)
707, (4, 5), (3, 12)
708, (4, 5), (3, 12)
709, (4, 5), (3, 12)
710, (4, 5), (3, 12)
711, (4, 5), (3, 12)
712, (4, 5), (3, 12)
713, (4, 5), (3, 12)
714, (4, 5), (3, 12)
715, (4, 5), (3, 12)
716, (4, 5), (3, 12)
717, (4, 5), (3, 12)
718, (4, 5), (3, 12)
719, (4, 5), (3, 12)
720, (4, 7), (1, 12)
721, (4, 7), (1, 12)
722, (4, 7), (1, 12)
723, (4, 7), (1, 12)
724, (4, 7), (1, 12)
725, (4, 7), (1, 12)
726, (4, 7), (1, 12)
727, (4, 7), (1, 12)
728, (4, 7), (1, 12)
729, (4, 7), (1, 12)
730, (4, 7), (1, 12)
731, (4, 7), (1, 12)
732, (4, 7), (1, 12)
733, (4, 7), (1, 12)
734, (4, 7), (1, 12)
735, (4, 7), (1, 12)
736, (4, 5), (3, 12)
737, (4, 5), (3, 12)
738, (4, 5), (3, 12)
739, (4, 5), (3, 12)
740, (4, 5), (3, 12)
741, (4, 5), (3, 12)
742, (4, 5), (3, 12)
743, (4, 5), (3, 12)
744, (4, 5), (3, 12)
745, (4, 5), (3, 12)
746, (4, 5), (3, 12)
747, (4, 5), (3, 12)
748, (4, 5), (3, 12)
749, (4, 5), (3, 12)
750, (4, 5), (3, 12)
751, (4, 5), (3, 12)
752, (4, 7), (1, 12)
753, (4, 7), (1, 12)
754, (4, 7), (1, 12)
755, (4, 7), (1, 12)
756, (4, 7), (1, 12)
757, (4, 7), (1, 12)
758, (4, 7), (1, 12)
759, (4, 7), (1, 12)
760, (4, 7), (1, 12)
761, (4, 7), (1, 12)
762, (4, 7), (1, 12)
763, (4, 7), (1, 12)
764, (4, 7), (1, 12)
765, (4, 7), (1, 12)
766, (4, 7), (1, 12)
767, (4, 7), (1, 12)
776, (2, 8), (5, 12)
777, (2, 8), (5, 12)
778, (2, 8), (5, 12)
779, (2, 8), (5, 12)
780, (2, 8), (5, 12)
781, (2, 8), (5, 12)
782, (2, 8), (5, 12)
783, (2, 8), (5, 12)
792, (2, 8), (5, 12)
793, (2, 8), (5, 12)
794, (2, 8), (5, 12)
795, (2, 8), (5, 12)
796, (2, 8), (5, 12)
797, (2, 8), (5, 12)
798, (2, 8), (5, 12)
799, (2, 8), (5, 12)
800, (3, 6), (0, 12)
801, (3, 6), (0, 12)
802, (3, 6), (0, 12)
803, (3, 6), (0, 12)
804, (3, 6), (0, 12)
805, (3, 6), (0, 12)
806, (3, 6), (0, 12)
807, (3, 6), (0, 12)
808, (3, 6), (0, 12)
809, (3, 6), (0, 12)
810, (3, 6), (0, 12)
811, (3, 6), (0, 12)
812, (3, 6), (0, 12)
813, (3, 6), (0, 12)
814, (3, 6), (0, 12)
815, (3, 6), (0, 12)
816, (3, 6), (0, 12)
817, (3, 6), (0, 12)
818, (3, 6), (0, 12)
819, (3, 6), (0, 12)
820, (3, 6), (0, 12)
821, (3, 6), (0, 12)
822, (3, 6), (0, 12)
823, (3, 6), (0, 12)
824, (3, 6), (0, 12)
825, (3, 6), (0, 12)
826, (3, 6), (0, 12)
827, (3, 6), (0, 12)
828, (3, 6), (0, 12)
829, (3, 6), (0, 12)
830, (3, 6), (0, 12)
831, (3, 6), (0, 12)
832, (3, 5), (4, 12)
833, (3, 5), (4, 12)
834, (3, 5), (4, 12)
835, (3, 5), (4, 12)
836, (3, 5), (4, 12)
837, (3, 5), (4, 12)
838, (3, 5), (4, 12)
839, (3, 5), (4, 12)
840, (3, 5), (4, 12)
841, (3, 5), (4, 12)
842, (3, 5), (4, 12)
843, (3, 5), (4, 12)
844, (3, 5), (4, 12)
845, (3, 5), (4, 12)
846, (3, 5), (4, 12)
847, (3, 5), (4, 12)
848, (3, 5), (4, 12)
849, (3, 5), (4, 12)
850, (3, 5), (4, 12)
851, (3, 5), (4, 12)
852, (3, 5), (4, 12)
853, (3, 5), (4, 12)
854, (3, 5), (4, 12)
855, (3, 5), (4, 12)
856, (3, 5), (4, 12)
857, (3, 5), (4, 12)
858, (3, 5), (4, 12)
859, (3, 5), (4, 12)
860, (3, 5), (4, 12)
861, (3, 5), (4, 12)
862, (3, 5), (4, 12)
863, (3, 5), (4, 12)
864, (3, 6), (0, 12)
865, (3, 6), (0, 12)
866, (3, 6), (0, 12)
867, (3, 6), (0, 12)
868, (3, 6), (0, 12)
869, (3, 6), (0, 12)
870, (3, 6), (0, 12)
871, (3, 6), (0, 12)
872, (3, 6), (0, 12)
873, (3, 6), (0, 12)
874, (3, 6), (0, 12)
875, (3, 6), (0, 12)
876, (3, 6), (0, 12)
877, (3, 6), (0, 12)
878, (3, 6), (0, 12)
879, (3, 6), (0, 12)
880, (3, 6), (0, 12)
881, (3, 6), (0, 12)
882, (3, 6), (0, 12)
883, (3, 6), (0, 12)
884, (3, 6), (0, 12)
885, (3, 6), (0, 12)
886, (3, 6), (0, 12)
887, (3, 6), (0, 12)
888, (3, 6), (0, 12)
889, (3, 6), (0, 12)
890, (3, 6), (0, 12)
891, (3, 6), (0, 12)
892, (3, 6), (0, 12)
893, (3, 6), (0, 12)
894, (3, 6), (0, 12)
895, (3, 6), (0, 12)
896, (3, 4), (5, 12)
897, (3, 4), (5, 12)
898, (3, 4), (5, 12)
899, (3, 4), (5, 12)
900, (3, 4), (5, 12)
901, (3, 4), (5, 12)
902, (3, 4), (5, 12)
903, (3, 4), (5, 12)
904, (2, 8), (5, 12)
905, (2, 8), (5, 12)
906, (2, 8), (5, 12)
907, (2, 8), (5, 12)
908, (2, 8), (5, 12)
909, (2, 8), (5, 12)
910, (2, 8), (5, 12)
911, (2, 8), (5, 12)
912, (4, 7), (1, 12)
913, (4, 7), (1, 12)
914, (4, 7), (1, 12)
915, (4, 7), (1, 12)
916, (4, 7), (1, 12)
917, (4, 7), (1, 12)
918, (4, 7), (1, 12)
919, (4, 7), (1, 12)
920, (4, 7), (1, 12)
921, (4, 7), (1, 12)
922, (4, 7), (1, 12)
923, (4, 7), (1, 12)
924, (4, 7), (1, 12)
925, (4, 7), (1, 12)
926, (4, 7), (1, 12)
927, (4, 7), (1, 12)
928, (3, 6), (0, 12)
929, (3, 6), (0, 12)
930, (3, 6), (0, 12)
931, (3, 6), (0, 12)
932, (3, 6), (0, 12)
933, (3, 6), (0, 12)
934, (3, 6), (0, 12)
935, (3, 6), (0, 12)
936, (3, 6), (0, 12)
937, (3, 6), (0, 12)
938, (3, 6), (0, 12)
939, (3, 6), (0, 12)
940, (3, 6), (0, 12)
941, (3, 6), (0, 12)
942, (3, 6), (0, 12)
943, (3, 6), (0, 12)
944, (3, 6), (0, 12)
945, (3, 6), (0, 12)
946, (3, 6), (0, 12)
947, (3, 6), (0, 12)
948, (3, 6), (0, 12)
949, (3, 6), (0, 12)
950, (3, 6), (0, 12)
951, (3, 6), (0, 12)
952, (3, 6), (0, 12)
953, (3, 6), (0, 12)
954, (3, 6), (0, 12)
955, (3, 6), (0, 12)
956, (3, 6), (0, 12)
957, (3, 6), (0, 12)
958, (3, 6), (0, 12)
959, (3, 6), (0, 12)
960, (2, 5), (8, 12)
961, (2, 5), (8, 12)
962, (2, 5), (8, 12)
963, (2, 5), (8, 12)
964, (2, 5), (8, 12)
965, (2, 5), (8, 12)
966, (2, 5), (8, 12)
967, (2, 5), (8, 12)
976, (4, 7), (1, 12)
977, (4, 7), (1, 12)
978, (4, 7), (1, 12)
979, (4, 7), (1, 12)
980, (4, 7), (1, 12)
981, (4, 7), (1, 12)
982, (4, 7), (1, 12)
983, (4, 7), (1, 12)
984, (4, 7), (1, 12)
985, (4, 7), (1, 12)
986, (4, 7), (1, 12)
987, (4, 7), (1, 12)
988, (4, 7), (1, 12)
989, (4, 7), (1, 12)
990, (4, 7), (1, 12)
991, (4, 7), (1, 12)
992, (3, 6), (0, 12)
993, (3, 6), (0, 12)
994, (3, 6), (0, 12)
995, (3, 6), (0, 12)
996, (3, 6), (0, 12)
997, (3, 6), (0, 12)
998, (3, 6), (0, 12)
999, (3, 6), (0, 12)
1000, (3, 6), (0, 12)
1001, (3, 6), (0, 12)
1002, (3, 6), (0, 12)
1003, (3, 6), (0, 12)
1004, (3, 6), (0, 12)
1005, (3, 6), (0, 12)
1006, (3, 6), (0, 12)
1007, (3, 6), (0, 12)
1008, (3, 6), (0, 12)
1009, (3, 6), (0, 12)
1010, (3, 6), (0, 12)
1011, (3, 6), (0, 12)
1012, (3, 6), (0, 12)
1013, (3, 6), (0, 12)
1014, (3, 6), (0, 12)
1015, (3, 6), (0, 12)
1016, (3, 6), (0, 12)
1017, (3, 6), (0, 12)
1018, (3, 6), (0, 12)
1019, (3, 6), (0, 12)
1020, (3, 6), (0, 12)
1021, (3, 6), (0, 12)
1022, (3, 6), (0, 12)
1023, (3, 6), (0, 12)
1040, (1, 7), (4, 12)
1041, (1, 7), (4, 12)
1042, (1, 7), (4, 12)
1043, (1, 7), (4, 12)
1044, (1, 7), (4, 12)
1045, (1, 7), (4, 12)
1046, (1, 7), (4, 12)
1047, (1, 7), (4, 12)
1048, (1, 7), (4, 12)
1049, (1, 7), (4, 12)
1050, (1, 7), (4, 12)
1051, (1, 7), (4, 12)
1052, (1, 7), (4, 12)
1053, (1, 7), (4, 12)
1054, (1, 7), (4, 12)
1055, (1, 7), (4, 12)
1064, (6, 8), (7, 12)
1065, (6, 8), (7, 12)
1066, (6, 8), (7, 12)
1067, (6, 8), (7, 12)
1068, (6, 8), (7, 12)
1069, (6, 8), (7, 12)
1070, (6, 8), (7, 12)
1071, (6, 8), (7, 12)
1072, (1, 7), (4, 12)
1073, (1, 7), (4, 12)
1074, (1, 7), (4, 12)
1075, (1, 7), (4, 12)
1076, (1, 7), (4, 12)
1077, (1, 7), (4, 12)
1078, (1, 7), (4, 12)
1079, (1, 7), (4, 12)
1080, (1, 7), (4, 12)
1081, (1, 7), (4, 12)
1082, (1, 7), (4, 12)
1083, (1, 7), (4, 12)
1084, (1, 7), (4, 12)
1085, (1, 7), (4, 12)
1086, (1, 7), (4, 12)
1087, (1, 7), (4, 12)
1096, (5, 8), (2, 12)
1097, (5, 8), (2, 12)
1098, (5, 8), (2, 12)
1099, (5, 8), (2, 12)
1100, (5, 8), (2, 12)
1101, (5, 8), (2, 12)
1102, (5, 8), (2, 12)
1103, (5, 8), (2, 12)
1104, (1, 7), (4, 12)
1105, (1, 7), (4, 12)
1106, (1, 7), (4, 12)
1107, (1, 7), (4, 12)
1108, (1, 7), (4, 12)
1109, (1, 7), (4, 12)
1110, (1, 7), (4, 12)
1111, (1, 7), (4, 12)
1112, (5, 8), (2, 12)
1113, (5, 8), (2, 12)
1114, (5, 8), (2, 12)
1115, (5, 8), (2, 12)
1116, (5, 8), (2, 12)
1117, (5, 8), (2, 12)
1118, (5, 8), (2, 12)
1119, (5, 8), (2, 12)
1128, (5, 8), (2, 12)
1129, (5, 8), (2, 12)
1130, (5, 8), (2, 12)
1131, (5, 8), (2, 12)
1132, (5, 8), (2, 12)
1133, (5, 8), (2, 12)
1134, (5, 8), (2, 12)
1135, (5, 8), (2, 12)
1136, (1, 7), (4, 12)
1137, (1, 7), (4, 12)
1138, (1, 7), (4, 12)
1139, (1, 7), (4, 12)
1140, (1, 7), (4, 12)
1141, (1, 7), (4, 12)
1142, (1, 7), (4, 12)
1143, (1, 7), (4, 12)
1144, (5, 8), (2, 12)
1145, (5, 8), (2, 12)
1146, (5, 8), (2, 12)
1147, (5, 8), (2, 12)
1148, (5, 8), (2, 12)
1149, (5, 8), (2, 12)
1150, (5, 8), (2, 12)
1151, (5, 8), (2, 12)
1152, (1, 4), (7, 12)
1153, (1, 4), (7, 12)
1154, (1, 4), (7, 12)
1155, (1, 4), (7, 12)
1156, (1, 4), (7, 12)
1157, (1, 4), (7, 12)
1158, (1, 4), (7, 12)
1159, (1, 4), (7, 12)
1160, (1, 4), (7, 12)
1161, (1, 4), (7, 12)
1162, (1, 4), (7, 12)
1163, (1, 4), (7, 12)
1164, (1, 4), (7, 12)
1165, (1, 4), (7, 12)
1166, (1, 4), (7, 12)
1167, (1, 4), (7, 12)
1176, (7, 8), (6, 12)
1177, (7, 8), (6, 12)
1178, (7, 8), (6, 12)
1179, (7, 8), (6, 12)
1180, (7, 8), (6, 12)
1181, (7, 8), (6, 12)
1182, (7, 8), (6, 12)
1183, (7, 8), (6, 12)
1184, (1, 4), (7, 12)
1185, (1, 4), (7, 12)
1186, (1, 4), (7, 12)
1187, (1, 4), (7, 12)
1188, (1, 4), (7, 12)
1189, (1, 4), (7, 12)
1190, (1, 4), (7, 12)
1191, (1, 4), (7, 12)
1192, (1, 4), (7, 12)
1193, (1, 4), (7, 12)
1194, (1, 4), (7, 12)
1195, (1, 4), (7, 12)
1196, (1, 4), (7, 12)
1197, (1, 4), (7, 12)
1198, (1, 4), (7, 12)
1199, (1, 4), (7, 12)
1200, (6, 7), (8, 12)
1201, (6, 7), (8, 12)
1202, (6, 7), (8, 12)
1203, (6, 7), (8, 12)
1204, (6, 7), (8, 12)
1205, (6, 7), (8, 12)
1206, (6, 7), (8, 12)
1207, (6, 7), (8, 12)
1216, (4, 5), (3, 12)
1217, (4, 5), (3, 12)
1218, (4, 5), (3, 12)
1219, (4, 5), (3, 12)
1220, (4, 5), (3, 12)
1221, (4, 5), (3, 12)
1222, (4, 5), (3, 12)
1223, (4, 5), (3, 12)
1224, (5, 8), (2, 12)
1225, (5, 8), (2, 12)
1226, (5, 8), (2, 12)
1227, (5, 8), (2, 12)
1228, (5, 8), (2, 12)
1229, (5, 8), (2, 12)
1230, (5, 8), (2, 12)
1231, (5, 8), (2, 12)
1232, (4, 5), (3, 12)
1233, (4, 5), (3, 12)
1234, (4, 5), (3, 12)
1235, (4, 5), (3, 12)
1236, (4, 5), (3, 12)
1237, (4, 5), (3, 12)
1238, (4, 5), (3, 12)
1239, (4, 5), (3, 12)
1240, (5, 8), (2, 12)
1241, (5, 8), (2, 12)
1242, (5, 8), (2, 12)
1243, (5, 8), (2, 12)
1244, (5, 8), (2, 12)
1245, (5, 8), (2, 12)
1246, (5, 8), (2, 12)
1247, (5, 8), (2, 12)
1248, (4, 5), (3, 12)
1249, (4, 5), (3, 12)
1250, (4, 5), (3, 12)
1251, (4, 5), (3, 12)
1252, (4, 5), (3, 12)
1253, (4, 5), (3, 12)
1254, (4, 5), (3, 12)
1255, (4, 5), (3, 12)
1256, (5, 8), (2, 12)
1257, (5, 8), (2, 12)
1258, (5, 8), (2, 12)
1259, (5, 8), (2, 12)
1260, (5, 8), (2, 12)
1261, (5, 8), (2, 12)
1262, (5, 8), (2, 12)
1263, (5, 8), (2, 12)
1264, (4, 5), (3, 12)
1265, (4, 5), (3, 12)
1266, (4, 5), (3, 12)
1267, (4, 5), (3, 12)
1268, (4, 5), (3, 12)
1269, (4, 5), (3, 12)
1270, (4, 5), (3, 12)
1271, (4, 5), (3, 12)
1272, (5, 8), (2, 12)
1273, (5, 8), (2, 12)
1274, (5, 8), (2, 12)
1275, (5, 8), (2, 12)
1276, (5, 8), (2, 12)
1277, (5, 8), (2, 12)
1278, (5, 8), (2, 12)
1279, (5, 8), (2, 12)
1296, (1, 7), (4, 12)
1297, (1, 7), (4, 12)
1298, (1, 7), (4, 12)
1299, (1, 7), (4, 12)
1300, (1, 7), (4, 12)
1301, (1, 7), (4, 12)
1302, (1, 7), (4, 12)
1303, (1, 7), (4, 12)
1304, (1, 7), (4, 12)
1305, (1, 7), (4, 12)
1306, (1, 7), (4, 12)
1307, (1, 7), (4, 12)
1308, (1, 7), (4, 12)
1309, (1, 7), (4, 12)
1310, (1, 7), (4, 12)
1311, (1, 7), (4, 12)
1312, (3, 6), (0, 12)
1313, (3, 6), (0, 12)
1314, (3, 6), (0, 12)
1315, (3, 6), (0, 12)
1316, (3, 6), (0, 12)
1317, (3, 6), (0, 12)
1318, (3, 6), (0, 12)
1319, (3, 6), (0, 12)
1320, (3, 6), (0, 12)
1321, (3, 6), (0, 12)
1322, (3, 6), (0, 12)
1323, (3, 6), (0, 12)
1324, (3, 6), (0, 12)
1325, (3, 6), (0, 12)
1326, (3, 6), (0, 12)
1327, (3, 6), (0, 12)
1328, (3, 6), (0, 12)
1329, (3, 6), (0, 12)
1330, (3, 6), (0, 12)
1331, (3, 6), (0, 12)
1332, (3, 6), (0, 12)
1333, (3, 6), (0, 12)
1334, (3, 6), (0, 12)
1335, (3, 6), (0, 12)
1336, (3, 6), (0, 12)
1337, (3, 6), (0, 12)
1338, (3, 6), (0, 12)
1339, (3, 6), (0, 12)
1340, (3, 6), (0, 12)
1341, (3, 6), (0, 12)
1342, (3, 6), (0, 12)
1343, (3, 6), (0, 12)
1344, (3, 5), (4, 12)
1345, (3, 5), (4, 12)
1346, (3, 5), (4, 12)
1347, (3, 5), (4, 12)
1348, (3, 5), (4, 12)
1349, (3, 5), (4, 12)
1350, (3, 5), (4, 12)
1351, (3, 5), (4, 12)
1352, (5, 8), (2, 12)
1353, (5, 8), (2, 12)
1354, (5, 8), (2, 12)
1355, (5, 8), (2, 12)
1356, (5, 8), (2, 12)
1357, (5, 8), (2, 12)
1358, (5, 8), (2, 12)
1359, (5, 8), (2, 12)
1360, (1, 7), (4, 12)
1361, (1, 7), (4, 12)
1362, (1, 7), (4, 12)
1363, (1, 7), (4, 12)
1364, (1, 7), (4, 12)
1365, (1, 7), (4, 12)
1366, (1, 7), (4, 12)
1367, (1, 7), (4, 12)
1368, (5, 8), (2, 12)
1369, (5, 8), (2, 12)
1370, (5, 8), (2, 12)
1371, (5, 8), (2, 12)
1372, (5, 8), (2, 12)
1373, (5, 8), (2, 12)
1374, (5, 8), (2, 12)
1375, (5, 8), (2, 12)
1376, (3, 6), (0, 12)
1377, (3, 6), (0, 12)
1378, (3, 6), (0, 12)
1379, (3, 6), (0, 12)
1380, (3, 6), (0, 12)
1381, (3, 6), (0, 12)
1382, (3, 6), (0, 12)
1383, (3, 6), (0, 12)
1384, (3, 6), (0, 12)
1385, (3, 6), (0, 12)
1386, (3, 6), (0, 12)
1387, (3, 6), (0, 12)
1388, (3, 6), (0, 12)
1389, (3, 6), (0, 12)
1390, (3, 6), (0, 12)
1391, (3, 6), (0, 12)
1392, (3, 6), (0, 12)
1393, (3, 6), (0, 12)
1394, (3, 6), (0, 12)
1395, (3, 6), (0, 12)
1396, (3, 6), (0, 12)
1397, (3, 6), (0, 12)
1398, (3, 6), (0, 12)
1399, (3, 6), (0, 12)
1400, (3, 6), (0, 12)
1401, (3, 6), (0, 12)
1402, (3, 6), (0, 12)
1403, (3, 6), (0, 12)
1404, (3, 6), (0, 12)
1405, (3, 6), (0, 12)
1406, (3, 6), (0, 12)
1407, (3, 6), (0, 12)
1408, (3, 4), (5, 12)
1409, (3, 4), (5, 12)
1410, (3, 4), (5, 12)
1411, (3, 4), (5, 12)
1412, (3, 4), (5, 12)
1413, (3, 4), (5, 12)
1414, (3, 4), (5, 12)
1415, (3, 4), (5, 12)
1416, (3, 4), (5, 12)
1417, (3, 4), (5, 12)
1418, (3, 4), (5, 12)
1419, (3, 4), (5, 12)
1420, (3, 4), (5, 12)
1421, (3, 4), (5, 12)
1422, (3, 4), (5, 12)
1423, (3, 4), (5, 12)
1424, (3, 4), (5, 12)
1425, (3, 4), (5, 12)
1426, (3, 4), (5, 12)
1427, (3, 4), (5, 12)
1428, (3, 4), (5, 12)
1429, (3, 4), (5, 12)
1430, (3, 4), (5, 12)
1431, (3, 4), (5, 12)
1432, (3, 4), (5, 12)
1433, (3, 4), (5, 12)
1434, (3, 4), (5, 12)
1435, (3, 4), (5, 12)
1436, (3, 4), (5, 12)
1437, (3, 4), (5, 12)
1438, (3, 4), (5, 12)
1439, (3, 4), (5, 12)
1440, (3, 6), (0, 12)
1441, (3, 6), (0, 12)
1442, (3, 6), (0, 12)
1443, (3, 6), (0, 12)
1444, (3, 6), (0, 12)
1445, (3, 6), (0, 12)
1446, (3, 6), (0, 12)
1447, (3, 6), (0, 12)
1448, (3, 6), (0, 12)
1449, (3, 6), (0, 12)
1450, (3, 6), (0, 12)
1451, (3, 6), (0, 12)
1452, (3, 6), (0, 12)
1453, (3, 6), (0, 12)
1454, (3, 6), (0, 12)
1455, (3, 6), (0, 12)
1456, (3, 6), (0, 12)
1457, (3, 6), (0, 12)
1458, (3, 6), (0, 12)
1459, (3, 6), (0, 12)
1460, (3, 6), (0, 12)
1461, (3, 6), (0, 12)
1462, (3, 6), (0, 12)
1463, (3, 6), (0, 12)
1464, (3, 6), (0, 12)
1465, (3, 6), (0, 12)
1466, (3, 6), (0, 12)
1467, (3, 6), (0, 12)
1468, (3, 6), (0, 12)
1469, (3, 6), (0, 12)
1470, (3, 6), (0, 12)
1471, (3, 6), (0, 12)
1472, (1, 4), (7, 12)
1473, (1, 4), (7, 12)
1474, (1, 4), (7, 12)
1475, (1, 4), (7, 12)
1476, (1, 4), (7, 12)
1477, (1, 4), (7, 12)
1478, (1, 4), (7, 12)
1479, (1, 4), (7, 12)
1480, (5, 8), (2, 12)
1481, (5, 8), (2, 12)
1482, (5, 8), (2, 12)
1483, (5, 8), (2, 12)
1484, (5, 8), (2, 12)
1485, (5, 8), (2, 12)
1486, (5, 8), (2, 12)
1487, (5, 8), (2, 12)
1496, (5, 8), (2, 12)
1497, (5, 8), (2, 12)
1498, (5, 8), (2, 12)
1499, (5, 8), (2, 12)
1500, (5, 8), (2, 12)
1501, (5, 8), (2, 12)
1502, (5, 8), (2, 12)
1503, (5, 8), (2, 12)
1504, (3, 6), (0, 12)
1505, (3, 6), (0, 12)
1506, (3, 6), (0, 12)
1507, (3, 6), (0, 12)
1508, (3, 6), (0, 12)
1509, (3, 6), (0, 12)
1510, (3, 6), (0, 12)
1511, (3, 6), (0, 12)
1512, (3, 6), (0, 12)
1513, (3, 6), (0, 12)
1514, (3, 6), (0, 12)
1515, (3, 6), (0, 12)
1516, (3, 6), (0, 12)
1517, (3, 6), (0, 12)
1518, (3, 6), (0, 12)
1519, (3, 6), (0, 12)
1520, (3, 6), (0, 12)
1521, (3, 6), (0, 12)
1522, (3, 6), (0, 12)
1523, (3, 6), (0, 12)
1524, (3, 6), (0, 12)
1525, (3, 6), (0, 12)
1526, (3, 6), (0, 12)
1527, (3, 6), (0, 12)
1528, (3, 6), (0, 12)
1529, (3, 6), (0, 12)
1530, (3, 6), (0, 12)
1531, (3, 6), (0, 12)
1532, (3, 6), (0, 12)
1533, (3, 6), (0, 12)
1534, (3, 6), (0, 12)
1535, (3, 6), (0, 12)
1536, (1, 2), (0, 12)
1537, (1, 2), (0, 12)
1538, (1, 2), (0, 12)
1539, (1, 2), (0, 12)
1540, (1, 2), (0, 12)
1541, (1, 2), (0, 12)
1542, (1, 2), (0, 12)
1543, (1, 2), (0, 12)
1544, (1, 2), (0, 12)
1545, (1, 2), (0, 12)
1546, (1, 2), (0, 12)
1547, (1, 2), (0, 12)
1548, (1, 2), (0, 12)
1549, (1, 2), (0, 12)
1550, (1, 2), (0, 12)
1551, (1, 2), (0, 12)
1552, (1, 2), (0, 12)
1553, (1, 2), (0, 12)
1554, (1, 2), (0, 12)
1555, (1, 2), (0, 12)
1556, (1, 2), (0, 12)
1557, (1, 2), (0, 12)
1558, (1, 2), (0, 12)
1559, (1, 2), (0, 12)
1560, (1, 2), (0, 12)
1561, (1, 2), (0, 12)
1562, (1, 2), (0, 12)
1563, (1, 2), (0, 12)
1564, (1, 2), (0, 12)
1565, (1, 2), (0, 12)
1566, (1, 2), (0, 12)
1567, (1, 2), (0, 12)
1568, (1, 2), (0, 12)
1569, (1, 2), (0, 12)
1570, (1, 2), (0, 12)
1571, (1, 2), (0, 12)
1572, (1, 2), (0, 12)
1573, (1, 2), (0, 12)
1574, (1, 2), (0, 12)
1575, (1, 2), (0, 12)
1576, (1, 2), (0, 12)
1577, (1, 2), (0, 12)
1578, (1, 2), (0, 12)
1579, (1, 2), (0, 12)
1580, (1, 2), (0, 12)
1581, (1, 2), (0, 12)
1582, (1, 2), (0, 12)
1583, (1, 2), (0, 12)
1584, (1, 2), (0, 12)
1585, (1, 2), (0, 12)
1586, (1, 2), (0, 12)
1587, (1, 2), (0, 12)
1588, (1, 2), (0, 12)
1589, (1, 2), (0, 12)
1590, (1, 2), (0, 12)
1591, (1, 2), (0, 12)
1592, (1, 2), (0, 12)
1593, (1, 2), (0, 12)
1594, (1, 2), (0, 12)
1595, (1, 2), (0, 12)
1596, (1, 2), (0, 12)
1597, (1, 2), (0, 12)
1598, (1, 2), (0, 12)
1599, (1, 2), (0, 12)
1600, (1, 2), (0, 12)
1601, (1, 2), (0, 12)
1602, (1, 2), (0, 12)
1603, (1, 2), (0, 12)
1604, (1, 2), (0, 12)
1605, (1, 2), (0, 12)
1606, (1, 2), (0, 12)
1607, (1, 2), (0, 12)
1608, (1, 2), (0, 12)
1609, (1, 2), (0, 12)
1610, (1, 2), (0, 12)
1611, (1, 2), (0, 12)
1612, (1, 2), (0, 12)
1613, (1, 2), (0, 12)
1614, (1, 2), (0, 12)
1615, (1, 2), (0, 12)
1616, (1, 2), (0, 12)
1617, (1, 2), (0, 12)
1618, (1, 2), (0, 12)
1619, (1, 2), (0, 12)
1620, (1, 2), (0, 12)
1621, (1, 2), (0, 12)
1622, (1, 2), (0, 12)
1623, (1, 2), (0, 12)
1624, (1, 2), (0, 12)
1625, (1, 2), (0, 12)
1626, (1, 2), (0, 12)
1627, (1, 2), (0, 12)
1628, (1, 2), (0, 12)
1629, (1, 2), (0, 12)
1630, (1, 2), (0, 12)
1631, (1, 2), (0, 12)
1632, (1, 2), (0, 12)
1633, (1, 2), (0, 12)
1634, (1, 2), (0, 12)
1635, (1, 2), (0, 12)
1636, (1, 2), (0, 12)
1637, (1, 2), (0, 12)
1638, (1, 2), (0, 12)
1639, (1, 2), (0, 12)
1640, (1, 2), (0, 12)
1641, (1, 2), (0, 12)
1642, (1, 2), (0, 12)
1643, (1, 2), (0, 12)
1644, (1, 2), (0, 12)
1645, (1, 2), (0, 12)
1646, (1, 2), (0, 12)
1647, (1, 2), (0, 12)
1648, (1, 2), (0, 12)
1649, (1, 2), (0, 12)
1650, (1, 2), (0, 12)
1651, (1, 2), (0, 12)
1652, (1, 2), (0, 12)
1653, (1, 2), (0, 12)
1654, (1, 2), (0, 12)
1655, (1, 2), (0, 12)
1656, (1, 2), (0, 12)
1657, (1, 2), (0, 12)
1658, (1, 2), (0, 12)
1659, (1, 2), (0, 12)
1660, (1, 2), (0, 12)
1661, (1, 2), (0, 12)
1662, (1, 2), (0, 12)
1663, (1, 2), (0, 12)
1664, (1, 2), (0, 12)
1665, (1, 2), (0, 12)
1666, (1, 2), (0, 12)
1667, (1, 2), (0, 12)
1668, (1, 2), (0, 12)
1669, (1, 2), (0, 12)
1670, (1, 2), (0, 12)
1671, (1, 2), (0, 12)
1672, (1, 2), (0, 12)
1673, (1, 2), (0, 12)
1674, (1, 2), (0, 12)
1675, (1, 2), (0, 12)
1676, (1, 2), (0, 12)
1677, (1, 2), (0, 12)
1678, (1, 2), (0, 12)
1679, (1, 2), (0, 12)
1680, (1, 2), (0, 12)
1681, (1, 2), (0, 12)
1682, (1, 2), (0, 12)
1683, (1, 2), (0, 12)
1684, (1, 2), (0, 12)
1685, (1, 2), (0, 12)
1686, (1, 2), (0, 12)
1687, (1, 2), (0, 12)
1688, (1, 2), (0, 12)
1689, (1, 2), (0, 12)
1690, (1, 2), (0, 12)
1691, (1, 2), (0, 12)
1692, (1, 2), (0, 12)
1693, (1, 2), (0, 12)
1694, (1, 2), (0, 12)
1695, (1, 2), (0, 12)
1696, (1, 2), (0, 12)
1697, (1, 2), (0, 12)
1698, (1, 2), (0, 12)
1699, (1, 2), (0, 12)
1700, (1, 2), (0, 12)
1701, (1, 2), (0, 12)
1702, (1, 2), (0, 12)
1703, (1, 2), (0, 12)
1704, (1, 2), (0, 12)
1705, (1, 2), (0, 12)
1706, (1, 2), (0, 12)
1707, (1, 2), (0, 12)
1708, (1, 2), (0, 12)
1709, (1, 2), (0, 12)
1710, (1, 2), (0, 12)
1711, (1, 2), (0, 12)
1712, (1, 2), (0, 12)
1713, (1, 2), (0, 12)
1714, (1, 2), (0, 12)
1715, (1, 2), (0, 12)
1716, (1, 2), (0, 12)
1717, (1, 2), (0, 12)
1718, (1, 2), (0, 12)
1719, (1, 2), (0, 12)
1720, (1, 2), (0, 12)
1721, (1, 2), (0, 12)
1722, (1, 2), (0, 12)
1723, (1, 2), (0, 12)
1724, (1, 2), (0, 12)
1725, (1, 2), (0, 12)
1726, (1, 2), (0, 12)
1727, (1, 2), (0, 12)
1728, (1, 2), (0, 12)
1729, (1, 2), (0, 12)
1730, (1, 2), (0, 12)
1731, (1, 2), (0, 12)
1732, (1, 2), (0, 12)
1733, (1, 2), (0, 12)
1734, (1, 2), (0, 12)
1735, (1, 2), (0, 12)
1736, (1, 2), (0, 12)
1737, (1, 2), (0, 12)
1738, (1, 2), (0, 12)
1739, (1, 2), (0, 12)
1740, (1, 2), (0, 12)
1741, (1, 2), (0, 12)
1742, (1, 2), (0, 12)
1743, (1, 2), (0, 12)
1744, (1, 2), (0, 12)
1745, (1, 2), (0, 12)
1746, (1, 2), (0, 12)
1747, (1, 2), (0, 12)
1748, (1, 2), (0, 12)
1749, (1, 2), (0, 12)
1750, (1, 2), (0, 12)
1751, (1, 2), (0, 12)
1752, (1, 2), (0, 12)
1753, (1, 2), (0, 12)
1754, (1, 2), (0, 12)
1755, (1, 2), (0, 12)
1756, (1, 2), (0, 12)
1757, (1, 2), (0, 12)
1758, (1, 2), (0, 12)
1759, (1, 2), (0, 12)
1760, (1, 2), (0, 12)
1761, (1, 2), (0, 12)
1762, (1, 2), (0, 12)
1763, (1, 2), (0, 12)
1764, (1, 2), (0, 12)
1765, (1, 2), (0, 12)
1766, (1, 2), (0, 12)
1767, (1, 2), (0, 12)
1768, (1, 2), (0, 12)
1769, (1, 2), (0, 12)
1770, (1, 2), (0, 12)
1771, (1, 2), (0, 12)
1772, (1, 2), (0, 12)
1773, (1, 2), (0, 12)
1774, (1, 2), (0, 12)
1775, (1, 2), (0, 12)
1776, (1, 2), (0, 12)
1777, (1, 2), (0, 12)
1778, (1, 2), (0, 12)
1779, (1, 2), (0, 12)
1780, (1, 2), (0, 12)
1781, (1, 2), (0, 12)
1782, (1, 2), (0, 12)
1783, (1, 2), (0, 12)
1784, (1, 2), (0, 12)
1785, (1, 2), (0, 12)
1786, (1, 2), (0, 12)
1787, (1, 2), (0, 12)
1788, (1, 2), (0, 12)
1789, (1, 2), (0, 12)
1790, (1, 2), (0, 12)
1791, (1, 2), (0, 12)
1792, (1, 2), (0, 12)
1793, (1, 2), (0, 12)
1794, (1, 2), (0, 12)
1795, (1, 2), (0, 12)
1796, (1, 2), (0, 12)
1797, (1, 2), (0, 12)
1798, (1, 2), (0, 12)
1799, (1, 2), (0, 12)
1800, (1, 2), (0, 12)
1801, (1, 2), (0, 12)
1802, (1, 2), (0, 12)
1803, (1, 2), (0, 12)
1804, (1, 2), (0, 12)
1805, (1, 2), (0, 12)
1806, (1, 2), (0, 12)
1807, (1, 2), (0, 12)
1808, (1, 2), (0, 12)
1809, (1, 2), (0, 12)
1810, (1, 2), (0, 12)
1811, (1, 2), (0, 12)
1812, (1, 2), (0, 12)
1813, (1, 2), (0, 12)
1814, (1, 2), (0, 12)
1815, (1, 2), (0, 12)
1816, (1, 2), (0, 12)
1817, (1, 2), (0, 12)
1818, (1, 2), (0, 12)
1819, (1, 2), (0, 12)
1820, (1, 2), (0, 12)
1821, (1, 2), (0, 12)
1822, (1, 2), (0, 12)
1823, (1, 2), (0, 12)
1824, (1, 2), (0, 12)
1825, (1, 2), (0, 12)
1826, (1, 2), (0, 12)
1827, (1, 2), (0, 12)
1828, (1, 2), (0, 12)
1829, (1, 2), (0, 12)
1830, (1, 2), (0, 12)
1831, (1, 2), (0, 12)
1832, (1, 2), (0, 12)
1833, (1, 2), (0, 12)
1834, (1, 2), (0, 12)
1835, (1, 2), (0, 12)
1836, (1, 2), (0, 12)
1837, (1, 2), (0, 12)
1838, (1, 2), (0, 12)
1839, (1, 2), (0, 12)
1840, (1, 2), (0, 12)
1841, (1, 2), (0, 12)
1842, (1, 2), (0, 12)
1843, (1, 2), (0, 12)
1844, (1, 2), (0, 12)
1845, (1, 2), (0, 12)
1846, (1, 2), (0, 12)
1847, (1, 2), (0, 12)
1848, (1, 2), (0, 12)
1849, (1, 2), (0, 12)
1850, (1, 2), (0, 12)
1851, (1, 2), (0, 12)
1852, (1, 2), (0, 12)
1853, (1, 2), (0, 12)
1854, (1, 2), (0, 12)
1855, (1, 2), (0, 12)
1856, (1, 2), (0, 12)
1857, (1, 2), (0, 12)
1858, (1, 2), (0, 12)
1859, (1, 2), (0, 12)
1860, (1, 2), (0, 12)
1861, (1, 2), (0, 12)
1862, (1, 2), (0, 12)
1863, (1, 2), (0, 12)
1864, (1, 2), (0, 12)
1865, (1, 2), (0, 12)
1866, (1, 2), (0, 12)
1867, (1, 2), (0, 12)
1868, (1, 2), (0, 12)
1869, (1, 2), (0, 12)
1870, (1, 2), (0, 12)
1871, (1, 2), (0, 12)
1872, (1, 2), (0, 12)
1873, (1, 2), (0, 12)
1874, (1, 2), (0, 12)
1875, (1, 2), (0, 12)
1876, (1, 2), (0, 12)
1877, (1, 2), (0, 12)
1878, (1, 2), (0, 12)
1879, (1, 2), (0, 12)
1880, (1, 2), (0, 12)
1881, (1, 2), (0, 12)
1882, (1, 2), (0, 12)
1883, (1, 2), (0, 12)
1884, (1, 2), (0, 12)
1885, (1, 2), (0, 12)
1886, (1, 2), (0, 12)
1887, (1, 2), (0, 12)
1888, (1, 2), (0, 12)
1889, (1, 2), (0, 12)
1890, (1, 2), (0, 12)
1891, (1, 2), (0, 12)
1892, (1, 2), (0, 12)
1893, (1, 2), (0, 12)
1894, (1, 2), (0, 12)
1895, (1, 2), (0, 12)
1896, (1, 2), (0, 12)
1897, (1, 2), (0, 12)
1898, (1, 2), (0, 12)
1899, (1, 2), (0, 12)
1900, (1, 2), (0, 12)
1901, (1, 2), (0, 12)
1902, (1, 2), (0, 12)
1903, (1, 2), (0, 12)
1904, (1, 2), (0, 12)
1905, (1, 2), (0, 12)
1906, (1, 2), (0, 12)
1907, (1, 2), (0, 12)
1908, (1, 2), (0, 12)
1909, (1, 2), (0, 12)
1910, (1, 2), (0, 12)
1911, (1, 2), (0, 12)
1912, (1, 2), (0, 12)
1913, (1, 2), (0, 12)
1914, (1, 2), (0, 12)
1915, (1, 2), (0, 12)
1916, (1, 2), (0, 12)
1917, (1, 2), (0, 12)
1918, (1, 2), (0, 12)
1919, (1, 2), (0, 12)
1920, (1, 2), (0, 12)
1921, (1, 2), (0, 12)
1922, (1, 2), (0, 12)
1923, (1, 2), (0, 12)
1924, (1, 2), (0, 12)
1925, (1, 2), (0, 12)
1926, (1, 2), (0, 12)
1927, (1, 2), (0, 12)
1928, (1, 2), (0, 12)
1929, (1, 2), (0, 12)
1930, (1, 2), (0, 12)
1931, (1, 2), (0, 12)
1932, (1, 2), (0, 12)
1933, (1, 2), (0, 12)
1934, (1, 2), (0, 12)
1935, (1, 2), (0, 12)
1936, (1, 2), (0, 12)
1937, (1, 2), (0, 12)
1938, (1, 2), (0, 12)
1939, (1, 2), (0, 12)
1940, (1, 2), (0, 12)
1941, (1, 2), (0, 12)
1942, (1, 2), (0, 12)
1943, (1, 2), (0, 12)
1944, (1, 2), (0, 12)
1945, (1, 2), (0, 12)
1946, (1, 2), (0, 12)
1947, (1, 2), (0, 12)
1948, (1, 2), (0, 12)
1949, (1, 2), (0, 12)
1950, (1, 2), (0, 12)
1951, (1, 2), (0, 12)
1952, (1, 2), (0, 12)
1953, (1, 2), (0, 12)
1954, (1, 2), (0, 12)
1955, (1, 2), (0, 12)
1956, (1, 2), (0, 12)
1957, (1, 2), (0, 12)
1958, (1, 2), (0, 12)
1959, (1, 2), (0, 12)
1960, (1, 2), (0, 12)
1961, (1, 2), (0, 12)
1962, (1, 2), (0, 12)
1963, (1, 2), (0, 12)
1964, (1, 2), (0, 12)
1965, (1, 2), (0, 12)
1966, (1, 2), (0, 12)
1967, (1, 2), (0, 12)
1968, (1, 2), (0, 12)
1969, (1, 2), (0, 12)
1970, (1, 2), (0, 12)
1971, (1, 2), (0, 12)
1972, (1, 2), (0, 12)
1973, (1, 2), (0, 12)
1974, (1, 2), (0, 12)
1975, (1, 2), (0, 12)
1976, (1, 2), (0, 12)
1977, (1, 2), (0, 12)
1978, (1, 2), (0, 12)
1979, (1, 2), (0, 12)
1980, (1, 2), (0, 12)
1981, (1, 2), (0, 12)
1982, (1, 2), (0, 12)
1983, (1, 2), (0, 12)
1984, (1, 2), (0, 12)
1985, (1, 2), (0, 12)
1986, (1, 2), (0, 12)
1987, (1, 2), (0, 12)
1988, (1, 2), (0, 12)
1989, (1, 2), (0, 12)
1990, (1, 2), (0, 12)
1991, (1, 2), (0, 12)
1992, (1, 2), (0, 12)
1993, (1, 2), (0, 12)
1994, (1, 2), (0, 12)
1995, (1, 2), (0, 12)
1996, (1, 2), (0, 12)
1997, (1, 2), (0, 12)
1998, (1, 2), (0, 12)
1999, (1, 2), (0, 12)
2000, (1, 2), (0, 12)
2001, (1, 2), (0, 12)
2002, (1, 2), (0, 12)
2003, (1, 2), (0, 12)
2004, (1, 2), (0, 12)
2005, (1, 2), (0, 12)
2006, (1, 2), (0, 12)
2007, (1, 2), (0, 12)
2008, (1, 2), (0, 12)
2009, (1, 2), (0, 12)
2010, (1, 2), (0, 12)
2011, (1, 2), (0, 12)
2012, (1, 2), (0, 12)
2013, (1, 2), (0, 12)
2014, (1, 2), (0, 12)
2015, (1, 2), (0, 12)
2016, (1, 2), (0, 12)
2017, (1, 2), (0, 12)
2018, (1, 2), (0, 12)
2019, (1, 2), (0, 12)
2020, (1, 2), (0, 12)
2021, (1, 2), (0, 12)
2022, (1, 2), (0, 12)
2023, (1, 2), (0, 12)
2024, (1, 2), (0, 12)
2025, (1, 2), (0, 12)
2026, (1, 2), (0, 12)
2027, (1, 2), (0, 12)
2028, (1, 2), (0, 12)
2029, (1, 2), (0, 12)
2030, (1, 2), (0, 12)
2031, (1, 2), (0, 12)
2032, (1, 2), (0, 12)
2033, (1, 2), (0, 12)
2034, (1, 2), (0, 12)
2035, (1, 2), (0, 12)
2036, (1, 2), (0, 12)
2037, (1, 2), (0, 12)
2038, (1, 2), (0, 12)
2039, (1, 2), (0, 12)
2040, (1, 2), (0, 12)
2041, (1, 2), (0, 12)
2042, (1, 2), (0, 12)
2043, (1, 2), (0, 12)
2044, (1, 2), (0, 12)
2045, (1, 2), (0, 12)
2046, (1, 2), (0, 12)
2047, (1, 2), (0, 12)
2072, (7, 8), (6, 12)
2073, (7, 8), (6, 12)
2074, (7, 8), (6, 12)
2075, (7, 8), (6, 12)
2076, (7, 8), (6, 12)
2077, (7, 8), (6, 12)
2078, (7, 8), (6, 12)
2079, (7, 8), (6, 12)
2080, (0, 6), (3, 12)
2081, (0, 6), (3, 12)
2082, (0, 6), (3, 12)
2083, (0, 6), (3, 12)
2084, (0, 6), (3, 12)
2085, (0, 6), (3, 12)
2086, (0, 6), (3, 12)
2087, (0, 6), (3, 12)
2088, (0, 6), (3, 12)
2089, (0, 6), (3, 12)
2090, (0, 6), (3, 12)
2091, (0, 6), (3, 12)
2092, (0, 6), (3, 12)
2093, (0, 6), (3, 12)
2094, (0, 6), (3, 12)
2095, (0, 6), (3, 12)
2096, (0, 6), (3, 12)
2097, (0, 6), (3, 12)
2098, (0, 6), (3, 12)
2099, (0, 6), (3, 12)
2100, (0, 6), (3, 12)
2101, (0, 6), (3, 12)
2102, (0, 6), (3, 12)
2103, (0, 6), (3, 12)
2104, (0, 6), (3, 12)
2105, (0, 6), (3, 12)
2106, (0, 6), (3, 12)
2107, (0, 6), (3, 12)
2108, (0, 6), (3, 12)
2109, (0, 6), (3, 12)
2110, (0, 6), (3, 12)
2111, (0, 6), (3, 12)
2120, (5, 8), (2, 12)
2121, (5, 8), (2, 12)
2122, (5, 8), (2, 12)
2123, (5, 8), (2, 12)
2124, (5, 8), (2, 12)
2125, (5, 8), (2, 12)
2126, (5, 8), (2, 12)
2127, (5, 8), (2, 12)
2136, (5, 8), (2, 12)
2137, (5, 8), (2, 12)
2138, (5, 8), (2, 12)
2139, (5, 8), (2, 12)
2140, (5, 8), (2, 12)
2141, (5, 8), (2, 12)
2142, (5, 8), (2, 12)
2143, (5, 8), (2, 12)
2144, (0, 6), (3, 12)
2145, (0, 6), (3, 12)
2146, (0, 6), (3, 12)
2147, (0, 6), (3, 12)
2148, (0, 6), (3, 12)
2149, (0, 6), (3, 12)
2150, (0, 6), (3, 12)
2151, (0, 6), (3, 12)
2152, (5, 8), (2, 12)
2153, (5, 8), (2, 12)
2154, (5, 8), (2, 12)
2155, (5, 8), (2, 12)
2156, (5, 8), (2, 12)
2157, (5, 8), (2, 12)
2158, (5, 8), (2, 12)
2159, (5, 8), (2, 12)
2160, (0, 6), (3, 12)
2161, (0, 6), (3, 12)
2162, (0, 6), (3, 12)
2163, (0, 6), (3, 12)
2164, (0, 6), (3, 12)
2165, (0, 6), (3, 12)
2166, (0, 6), (3, 12)
2167, (0, 6), (3, 12)
2168, (5, 8), (2, 12)
2169, (5, 8), (2, 12)
2170, (5, 8), (2, 12)
2171, (5, 8), (2, 12)
2172, (5, 8), (2, 12)
2173, (5, 8), (2, 12)
2174, (5, 8), (2, 12)
2175, (5, 8), (2, 12)
2192, (4, 7), (1, 12)
2193, (4, 7), (1, 12)
2194, (4, 7), (1, 12)
2195, (4, 7), (1, 12)
2196, (4, 7), (1, 12)
2197, (4, 7), (1, 12)
2198, (4, 7), (1, 12)
2199, (4, 7), (1, 12)
2200, (4, 7), (1, 12)
2201, (4, 7), (1, 12)
2202, (4, 7), (1, 12)
2203, (4, 7), (1, 12)
2204, (4, 7), (1, 12)
2205, (4, 7), (1, 12)
2206, (4, 7), (1, 12)
2207, (4, 7), (1, 12)
2208, (0, 6), (3, 12)
2209, (0, 6), (3, 12)
2210, (0, 6), (3, 12)
2211, (0, 6), (3, 12)
2212, (0, 6), (3, 12)
2213, (0, 6), (3, 12)
2214, (0, 6), (3, 12)
2215, (0, 6), (3, 12)
2216, (0, 6), (3, 12)
2217, (0, 6), (3, 12)
2218, (0, 6), (3, 12)
2219, (0, 6), (3, 12)
2220, (0, 6), (3, 12)
2221, (0, 6), (3, 12)
2222, (0, 6), (3, 12)
2223, (0, 6), (3, 12)
2224, (4, 7), (1, 12)
2225, (4, 7), (1, 12)
2226, (4, 7), (1, 12)
2227, (4, 7), (1, 12)
2228, (4, 7), (1, 12)
2229, (4, 7), (1, 12)
2230, (4, 7), (1, 12)
2231, (4, 7), (1, 12)
2232, (4, 7), (1, 12)
2233, (4, 7), (1, 12)
2234, (4, 7), (1, 12)
2235, (4, 7), (1, 12)
2236, (4, 7), (1, 12)
2237, (4, 7), (1, 12)
2238, (4, 7), (1, 12)
2239, (4, 7), (1, 12)
2240, (4, 5), (3, 12)
2241, (4, 5), (3, 12)
2242, (4, 5), (3, 12)
2243, (4, 5), (3, 12)
2244, (4, 5), (3, 12)
2245, (4, 5), (3, 12)
2246, (4, 5), (3, 12)
2247, (4, 5), (3, 12)
2248, (5, 8), (2, 12)
2249, (5, 8), (2, 12)
2250, (5, 8), (2, 12)
2251, (5, 8), (2, 12)
2252, (5, 8), (2, 12)
2253, (5, 8), (2, 12)
2254, (5, 8), (2, 12)
2255, (5, 8), (2, 12)
2256, (4, 7), (1, 12)
2257, (4, 7), (1, 12)
2258, (4, 7), (1, 12)
2259, (4, 7), (1, 12)
2260, (4, 7), (1, 12)
2261, (4, 7), (1, 12)
2262, (4, 7), (1, 12)
2263, (4, 7), (1, 12)
2264, (4, 7), (1, 12)
2265, (4, 7), (1, 12)
2266, (4, 7), (1, 12)
2267, (4, 7), (1, 12)
2268, (4, 7), (1, 12)
2269, (4, 7), (1, 12)
2270, (4, 7), (1, 12)
2271, (4, 7), (1, 12)
2272, (0, 6), (3, 12)
2273, (0, 6), (3, 12)
2274, (0, 6), (3, 12)
2275, (0, 6), (3, 12)
2276, (0, 6), (3, 12)
2277, (0, 6), (3, 12)
2278, (0, 6), (3, 12)
2279, (0, 6), (3, 12)
2280, (5, 8), (2, 12)
2281, (5, 8), (2, 12)
2282, (5, 8), (2, 12)
2283, (5, 8), (2, 12)
2284, (5, 8), (2, 12)
2285, (5, 8), (2, 12)
2286, (5, 8), (2, 12)
2287, (5, 8), (2, 12)
2288, (4, 7), (1, 12)
2289, (4, 7), (1, 12)
2290, (4, 7), (1, 12)
2291, (4, 7), (1, 12)
2292, (4, 7), (1, 12)
2293, (4, 7), (1, 12)
2294, (4, 7), (1, 12)
2295, (4, 7), (1, 12)
2296, (4, 7), (1, 12)
2297, (4, 7), (1, 12)
2298, (4, 7), (1, 12)
2299, (4, 7), (1, 12)
2300, (4, 7), (1, 12)
2301, (4, 7), (1, 12)
2302, (4, 7), (1, 12)
2303, (4, 7), (1, 12)
2304, (0, 3), (6, 12)
2305, (0, 3), (6, 12)
2306, (0, 3), (6, 12)
2307, (0, 3), (6, 12)
2308, (0, 3), (6, 12)
2309, (0, 3), (6, 12)
2310, (0, 3), (6, 12)
2311, (0, 3), (6, 12)
2312, (0, 3), (6, 12)
2313, (0, 3), (6, 12)
2314, (0, 3), (6, 12)
2315, (0, 3), (6, 12)
2316, (0, 3), (6, 12)
2317, (0, 3), (6, 12)
2318, (0, 3), (6, 12)
2319, (0, 3), (6, 12)
2320, (0, 3), (6, 12)
2321, (0, 3), (6, 12)
2322, (0, 3), (6, 12)
2323, (0, 3), (6, 12)
2324, (0, 3), (6, 12)
2325, (0, 3), (6, 12)
2326, (0, 3), (6, 12)
2327, (0, 3), (6, 12)
2328, (0, 3), (6, 12)
2329, (0, 3), (6, 12)
2330, (0, 3), (6, 12)
2331, (0, 3), (6, 12)
2332, (0, 3), (6, 12)
2333, (0, 3), (6, 12)
2334, (0, 3), (6, 12)
2335, (0, 3), (6, 12)
2344, (6, 8), (7, 12)
2345, (6, 8), (7, 12)
2346, (6, 8), (7, 12)
2347, (6, 8), (7, 12)
2348, (6, 8), (7, 12)
2349, (6, 8), (7, 12)
2350, (6, 8), (7, 12)
2351, (6, 8), (7, 12)
2352, (6, 7), (8, 12)
2353, (6, 7), (8, 12)
2354, (6, 7), (8, 12)
2355, (6, 7), (8, 12)
2356, (6, 7), (8, 12)
2357, (6, 7), (8, 12)
2358, (6, 7), (8, 12)
2359, (6, 7), (8, 12)
2368, (3, 5), (4, 12)
2369, (3, 5), (4, 12)
2370, (3, 5), (4, 12)
2371, (3, 5), (4, 12)
2372, (3, 5), (4, 12)
2373, (3, 5), (4, 12)
2374, (3, 5), (4, 12)
2375, (3, 5), (4, 12)
2376, (5, 8), (2, 12)
2377, (5, 8), (2, 12)
2378, (5, 8), (2, 12)
2379, (5, 8), (2, 12)
2380, (5, 8), (2, 12)
2381, (5, 8), (2, 12)
2382, (5, 8), (2, 12)
2383, (5, 8), (2, 12)
2384, (3, 5), (4, 12)
2385, (3, 5), (4, 12)
2386, (3, 5), (4, 12)
2387, (3, 5), (4, 12)
2388, (3, 5), (4, 12)
2389, (3, 5), (4, 12)
2390, (3, 5), (4, 12)
2391, (3, 5), (4, 12)
2392, (5, 8), (2, 12)
2393, (5, 8), (2, 12)
2394, (5, 8), (2, 12)
2395, (5, 8), (2, 12)
2396, (5, 8), (2, 12)
2397, (5, 8), (2, 12)
2398, (5, 8), (2, 12)
2399, (5, 8), (2, 12)
2400, (3, 5), (4, 12)
2401, (3, 5), (4, 12)
2402, (3, 5), (4, 12)
2403, (3, 5), (4, 12)
2404, (3, 5), (4, 12)
2405, (3, 5), (4, 12)
2406, (3, 5), (4, 12)
2407, (3, 5), (4, 12)
2408, (5, 8), (2, 12)
2409, (5, 8), (2, 12)
2410, (5, 8), (2, 12)
2411, (5, 8), (2, 12)
2412, (5, 8), (2, 12)
2413, (5, 8), (2, 12)
2414, (5, 8), (2, 12)
2415, (5, 8), (2, 12)
2416, (3, 5), (4, 12)
2417, (3, 5), (4, 12)
2418, (3, 5), (4, 12)
2419, (3, 5), (4, 12)
2420, (3, 5), (4, 12)
2421, (3, 5), (4, 12)
2422, (3, 5), (4, 12)
2423, (3, 5), (4, 12)
2424, (5, 8), (2, 12)
2425, (5, 8), (2, 12)
2426, (5, 8), (2, 12)
2427, (5, 8), (2, 12)
2428, (5, 8), (2, 12)
2429, (5, 8), (2, 12)
2430, (5, 8), (2, 12)
2431, (5, 8), (2, 12)
2432, (3, 4), (5, 12)
2433, (3, 4), (5, 12)
2434, (3, 4), (5, 12)
2435, (3, 4), (5, 12)
2436, (3, 4), (5, 12)
2437, (3, 4), (5, 12)
2438, (3, 4), (5, 12)
2439, (3, 4), (5, 12)
2440, (3, 4), (5, 12)
2441, (3, 4), (5, 12)
2442, (3, 4), (5, 12)
2443, (3, 4), (5, 12)
2444, (3, 4), (5, 12)
2445, (3, 4), (5, 12)
2446, (3, 4), (5, 12)
2447, (3, 4), (5, 12)
2448, (4, 7), (1, 12)
2449, (4, 7), (1, 12)
2450, (4, 7), (1, 12)
2451, (4, 7), (1, 12)
2452, (4, 7), (1, 12)
2453, (4, 7), (1, 12)
2454, (4, 7), (1, 12)
2455, (4, 7), (1, 12)
2456, (4, 7), (1, 12)
2457, (4, 7), (1, 12)
2458, (4, 7), (1, 12)
2459, (4, 7), (1, 12)
2460, (4, 7), (1, 12)
2461, (4, 7), (1, 12)
2462, (4, 7), (1, 12)
2463, (4, 7), (1, 12)
2464, (3, 4), (5, 12)
2465, (3, 4), (5, 12)
2466, (3, 4), (5, 12)
2467, (3, 4), (5, 12)
2468, (3, 4), (5, 12)
2469, (3, 4), (5, 12)
2470, (3, 4), (5, 12)
2471, (3, 4), (5, 12)
2472, (3, 4), (5, 12)
2473, (3, 4), (5, 12)
2474, (3, 4), (5, 12)
2475, (3, 4), (5, 12)
2476, (3, 4), (5, 12)
2477, (3, 4), (5, 12)
2478, (3, 4), (5, 12)
2479, (3, 4), (5, 12)
2480, (4, 7), (1, 12)
2481, (4, 7), (1, 12)
2482, (4, 7), (1, 12)
2483, (4, 7), (1, 12)
2484, (4, 7), (1, 12)
2485, (4, 7), (1, 12)
2486, (4, 7), (1, 12)
2487, (4, 7), (1, 12)
2488, (4, 7), (1, 12)
2489, (4, 7), (1, 12)
2490, (4, 7), (1, 12)
2491, (4, 7), (1, 12)
2492, (4, 7), (1, 12)
2493, (4, 7), (1, 12)
2494, (4, 7), (1, 12)
2495, (4, 7), (1, 12)
2496, (0, 3), (6, 12)
2497, (0, 3), (6, 12)
2498, (0, 3), (6, 12)
2499, (0, 3), (6, 12)
2500, (0, 3), (6, 12)
2501, (0, 3), (6, 12)
2502, (0, 3), (6, 12)
2503, (0, 3), (6, 12)
2504, (5, 8), (2, 12)
2505, (5, 8), (2, 12)
2506, (5, 8), (2, 12)
2507, (5, 8), (2, 12)
2508, (5, 8), (2, 12)
2509, (5, 8), (2, 12)
2510, (5, 8), (2, 12)
2511, (5, 8), (2, 12)
2512, (4, 7), (1, 12)
2513, (4, 7), (1, 12)
2514, (4, 7), (1, 12)
2515, (4, 7), (1, 12)
2516, (4, 7), (1, 12)
2517, (4, 7), (1, 12)
2518, (4, 7), (1, 12)
2519, (4, 7), (1, 12)
2520, (4, 7), (1, 12)
2521, (4, 7), (1, 12)
2522, (4, 7), (1, 12)
2523, (4, 7), (1, 12)
2524, (4, 7), (1, 12)
2525, (4, 7), (1, 12)
2526, (4, 7), (1, 12)
2527, (4, 7), (1, 12)
2536, (5, 8), (2, 12)
2537, (5, 8), (2, 12)
2538, (5, 8), (2, 12)
2539, (5, 8), (2, 12)
2540, (5, 8), (2, 12)
2541, (5, 8), (2, 12)
2542, (5, 8), (2, 12)
2543, (5, 8), (2, 12)
2544, (4, 7), (1, 12)
2545, (4, 7), (1, 12)
2546, (4, 7), (1, 12)
2547, (4, 7), (1, 12)
2548, (4, 7), (1, 12)
2549, (4, 7), (1, 12)
2550, (4, 7), (1, 12)
2551, (4, 7), (1, 12)
2552, (4, 7), (1, 12)
2553, (4, 7), (1, 12)
2554, (4, 7), (1, 12)
2555, (4, 7), (1, 12)
2556, (4, 7), (1, 12)
2557, (4, 7), (1, 12)
2558, (4, 7), (1, 12)
2559, (4, 7), (1, 12)
2560, (0, 2), (1, 12)
2561, (0, 2), (1, 12)
2562, (0, 2), (1, 12)
2563, (0, 2), (1, 12)
2564, (0, 2), (1, 12)
2565, (0, 2), (1, 12)
2566, (0, 2), (1, 12)
2567, (0, 2), (1, 12)
2568, (0, 2), (1, 12)
2569, (0, 2), (1, 12)
2570, (0, 2), (1, 12)
2571, (0, 2), (1, 12)
2572, (0, 2), (1, 12)
2573, (0, 2), (1, 12)
2574, (0, 2), (1, 12)
2575, (0, 2), (1, 12)
2576, (0, 2), (1, 12)
2577, (0, 2), (1, 12)
2578, (0, 2), (1, 12)
2579, (0, 2), (1, 12)
2580, (0, 2), (1, 12)
2581, (0, 2), (1, 12)
2582, (0, 2), (1, 12)
2583, (0, 2), (1, 12)
2584, (0, 2), (1, 12)
2585, (0, 2), (1, 12)
2586, (0, 2), (1, 12)
2587, (0, 2), (1, 12)
2588, (0, 2), (1, 12)
2589, (0, 2), (1, 12)
2590, (0, 2), (1, 12)
2591, (0, 2), (1, 12)
2592, (0, 2), (1, 12)
2593, (0, 2), (1, 12)
2594, (0, 2), (1, 12)
2595, (0, 2), (1, 12)
2596, (0, 2), (1, 12)
2597, (0, 2), (1, 12)
2598, (0, 2), (1, 12)
2599, (0, 2), (1, 12)
2600, (0, 2), (1, 12)
2601, (0, 2), (1, 12)
2602, (0, 2), (1, 12)
2603, (0, 2), (1, 12)
2604, (0, 2), (1, 12)
2605, (0, 2), (1, 12)
2606, (0, 2), (1, 12)
2607, (0, 2), (1, 12)
2608, (0, 2), (1, 12)
2609, (0, 2), (1, 12)
2610, (0, 2), (1, 12)
2611, (0, 2), (1, 12)
2612, (0, 2), (1, 12)
2613, (0, 2), (1, 12)
2614, (0, 2), (1, 12)
2615, (0, 2), (1, 12)
2616, (0, 2), (1, 12)
2617, (0, 2), (1, 12)
2618, (0, 2), (1, 12)
2619, (0, 2), (1, 12)
2620, (0, 2), (1, 12)
2621, (0, 2), (1, 12)
2622, (0, 2), (1, 12)
2623, (0, 2), (1, 12)
2624, (0, 2), (1, 12)
2625, (0, 2), (1, 12)
2626, (0, 2), (1, 12)
2627, (0, 2), (1, 12)
2628, (0, 2), (1, 12)
2629, (0, 2), (1, 12)
2630, (0, 2), (1, 12)
2631, (0, 2), (1, 12)
2632, (0, 2), (1, 12)
2633, (0, 2), (1, 12)
2634, (0, 2), (1, 12)
2635, (0, 2), (1, 12)
2636, (0, 2), (1, 12)
2637, (0, 2), (1, 12)
2638, (0, 2), (1, 12)
2639, (0, 2), (1, 12)
2640, (0, 2), (1, 12)
2641, (0, 2), (1, 12)
2642, (0, 2), (1, 12)
2643, (0, 2), (1, 12)
2644, (0, 2), (1, 12)
2645, (0, 2), (1, 12)
2646, (0, 2), (1, 12)
2647, (0, 2), (1, 12)
2648, (0, 2), (1, 12)
2649, (0, 2), (1, 12)
2650, (0, 2), (1, 12)
2651, (0, 2), (1, 12)
2652, (0, 2), (1, 12)
2653, (0, 2), (1, 12)
2654, (0, 2), (1, 12)
2655, (0, 2), (1, 12)
2656, (0, 2), (1, 12)
2657, (0, 2), (1, 12)
2658, (0, 2), (1, 12)
2659, (0, 2), (1, 12)
2660, (0, 2), (1, 12)
2661, (0, 2), (1, 12)
2662, (0, 2), (1, 12)
2663, (0, 2), (1, 12)
2664, (0, 2), (1, 12)
2665, (0, 2), (1, 12)
2666, (0, 2), (1, 12)
2667, (0, 2), (1, 12)
2668, (0, 2), (1, 12)
2669, (0, 2), (1, 12)
2670, (0, 2), (1, 12)
2671, (0, 2), (1, 12)
2672, (0, 2), (1, 12)
2673, (0, 2), (1, 12)
2674, (0, 2), (1, 12)
2675, (0, 2), (1, 12)
2676, (0, 2), (1, 12)
2677, (0, 2), (1, 12)
2678, (0, 2), (1, 12)
2679, (0, 2), (1, 12)
2680, (0, 2), (1, 12)
2681, (0, 2), (1, 12)
2682, (0, 2), (1, 12)
2683, (0, 2), (1, 12)
2684, (0, 2), (1, 12)
2685, (0, 2), (1, 12)
2686, (0, 2), (1, 12)
2687, (0, 2), (1, 12)
2688, (0, 2), (1, 12)
2689, (0, 2), (1, 12)
2690, (0, 2), (1, 12)
2691, (0, 2), (1, 12)
2692, (0, 2), (1, 12)
2693, (0, 2), (1, 12)
2694, (0, 2), (1, 12)
2695, (0, 2), (1, 12)
2696, (0, 2), (1, 12)
2697, (0, 2), (1, 12)
2698, (0, 2), (1, 12)
2699, (0, 2), (1, 12)
2700, (0, 2), (1, 12)
2701, (0, 2), (1, 12)
2702, (0, 2), (1, 12)
2703, (0, 2), (1, 12)
2704, (0, 2), (1, 12)
2705, (0, 2), (1, 12)
2706, (0, 2), (1, 12)
2707, (0, 2), (1, 12)
2708, (0, 2), (1, 12)
2709, (0, 2), (1, 12)
2710, (0, 2), (1, 12)
2711, (0, 2), (1, 12)
2712, (0, 2), (1, 12)
2713, (0, 2), (1, 12)
2714, (0, 2), (1, 12)
2715, (0, 2), (1, 12)
2716, (0, 2), (1, 12)
2717, (0, 2), (1, 12)
2718, (0, 2), (1, 12)
2719, (0, 2), (1, 12)
2720, (0, 2), (1, 12)
2721, (0, 2), (1, 12)
2722, (0, 2), (1, 12)
2723, (0, 2), (1, 12)
2724, (0, 2), (1, 12)
2725, (0, 2), (1, 12)
2726, (0, 2), (1, 12)
2727, (0, 2), (1, 12)
2728, (0, 2), (1, 12)
2729, (0, 2), (1, 12)
2730, (0, 2), (1, 12)
2731, (0, 2), (1, 12)
2732, (0, 2), (1, 12)
2733, (0, 2), (1, 12)
2734, (0, 2), (1, 12)
2735, (0, 2), (1, 12)
2736, (0, 2), (1, 12)
2737, (0, 2), (1, 12)
2738, (0, 2), (1, 12)
2739, (0, 2), (1, 12)
2740, (0, 2), (1, 12)
2741, (0, 2), (1, 12)
2742, (0, 2), (1, 12)
2743, (0, 2), (1, 12)
2744, (0, 2), (1, 12)
2745, (0, 2), (1, 12)
2746, (0, 2), (1, 12)
2747, (0, 2), (1, 12)
2748, (0, 2), (1, 12)
2749, (0, 2), (1, 12)
2750, (0, 2), (1, 12)
2751, (0, 2), (1, 12)
2752, (0, 2), (1, 12)
2753, (0, 2), (1, 12)
2754, (0, 2), (1, 12)
2755, (0, 2), (1, 12)
2756, (0, 2), (1, 12)
2757, (0, 2), (1, 12)
2758, (0, 2), (1, 12)
2759, (0, 2), (1, 12)
2760, (0, 2), (1, 12)
2761, (0, 2), (1, 12)
2762, (0, 2), (1, 12)
2763, (0, 2), (1, 12)
2764, (0, 2), (1, 12)
2765, (0, 2), (1, 12)
2766, (0, 2), (1, 12)
2767, (0, 2), (1, 12)
2768, (0, 2), (1, 12)
2769, (0, 2), (1, 12)
2770, (0, 2), (1, 12)
2771, (0, 2), (1, 12)
2772, (0, 2), (1, 12)
2773, (0, 2), (1, 12)
2774, (0, 2), (1, 12)
2775, (0, 2), (1, 12)
2776, (0, 2), (1, 12)
2777, (0, 2), (1, 12)
2778, (0, 2), (1, 12)
2779, (0, 2), (1, 12)
2780, (0, 2), (1, 12)
2781, (0, 2), (1, 12)
2782, (0, 2), (1, 12)
2783, (0, 2), (1, 12)
2784, (0, 2), (1, 12)
2785, (0, 2), (1, 12)
2786, (0, 2), (1, 12)
2787, (0, 2), (1, 12)
2788, (0, 2), (1, 12)
2789, (0, 2), (1, 12)
2790, (0, 2), (1, 12)
2791, (0, 2), (1, 12)
2792, (0, 2), (1, 12)
2793, (0, 2), (1, 12)
2794, (0, 2), (1, 12)
2795, (0, 2), (1, 12)
2796, (0, 2), (1, 12)
2797, (0, 2), (1, 12)
2798, (0, 2), (1, 12)
2799, (0, 2), (1, 12)
2800, (0, 2), (1, 12)
2801, (0, 2), (1, 12)
2802, (0, 2), (1, 12)
2803, (0, 2), (1, 12)
2804, (0, 2), (1, 12)
2805, (0, 2), (1, 12)
2806, (0, 2), (1, 12)
2807, (0, 2), (1, 12)
2808, (0, 2), (1, 12)
2809, (0, 2), (1, 12)
2810, (0, 2), (1, 12)
2811, (0, 2), (1, 12)
2812, (0, 2), (1, 12)
2813, (0, 2), (1, 12)
2814, (0, 2), (1, 12)
2815, (0, 2), (1, 12)
2816, (0, 2), (1, 12)
2817, (0, 2), (1, 12)
2818, (0, 2), (1, 12)
2819, (0, 2), (1, 12)
2820, (0, 2), (1, 12)
2821, (0, 2), (1, 12)
2822, (0, 2), (1, 12)
2823, (0, 2), (1, 12)
2824, (0, 2), (1, 12)
2825, (0, 2), (1, 12)
2826, (0, 2), (1, 12)
2827, (0, 2), (1, 12)
2828, (0, 2), (1, 12)
2829, (0, 2), (1, 12)
2830, (0, 2), (1, 12)
2831, (0, 2), (1, 12)
2832, (0, 2), (1, 12)
2833, (0, 2), (1, 12)
2834, (0, 2), (1, 12)
2835, (0, 2), (1, 12)
2836, (0, 2), (1, 12)
2837, (0, 2), (1, 12)
2838, (0, 2), (1, 12)
2839, (0, 2), (1, 12)
2840, (0, 2), (1, 12)
2841, (0, 2), (1, 12)
2842, (0, 2), (1, 12)
2843, (0, 2), (1, 12)
2844, (0, 2), (1, 12)
2845, (0, 2), (1, 12)
2846, (0, 2), (1, 12)
2847, (0, 2), (1, 12)
2848, (0, 2), (1, 12)
2849, (0, 2), (1, 12)
2850, (0, 2), (1, 12)
2851, (0, 2), (1, 12)
2852, (0, 2), (1, 12)
2853, (0, 2), (1, 12)
2854, (0, 2), (1, 12)
2855, (0, 2), (1, 12)
2856, (0, 2), (1, 12)
2857, (0, 2), (1, 12)
2858, (0, 2), (1, 12)
2859, (0, 2), (1, 12)
2860, (0, 2), (1, 12)
2861, (0, 2), (1, 12)
2862, (0, 2), (1, 12)
2863, (0, 2), (1, 12)
2864, (0, 2), (1, 12)
2865, (0, 2), (1, 12)
2866, (0, 2), (1, 12)
2867, (0, 2), (1, 12)
2868, (0, 2), (1, 12)
2869, (0, 2), (1, 12)
2870, (0, 2), (1, 12)
2871, (0, 2), (1, 12)
2872, (0, 2), (1, 12)
2873, (0, 2), (1, 12)
2874, (0, 2), (1, 12)
2875, (0, 2), (1, 12)
2876, (0, 2), (1, 12)
2877, (0, 2), (1, 12)
2878, (0, 2), (1, 12)
2879, (0, 2), (1, 12)
2880, (0, 2), (1, 12)
2881, (0, 2), (1, 12)
2882, (0, 2), (1, 12)
2883, (0, 2), (1, 12)
2884, (0, 2), (1, 12)
2885, (0, 2), (1, 12)
2886, (0, 2), (1, 12)
2887, (0, 2), (1, 12)
2888, (0, 2), (1, 12)
2889, (0, 2), (1, 12)
2890, (0, 2), (1, 12)
2891, (0, 2), (1, 12)
2892, (0, 2), (1, 12)
2893, (0, 2), (1, 12)
2894, (0, 2), (1, 12)
2895, (0, 2), (1, 12)
2896, (0, 2), (1, 12)
2897, (0, 2), (1, 12)
2898, (0, 2), (1, 12)
2899, (0, 2), (1, 12)
2900, (0, 2), (1, 12)
2901, (0, 2), (1, 12)
2902, (0, 2), (1, 12)
2903, (0, 2), (1, 12)
2904, (0, 2), (1, 12)
2905, (0, 2), (1, 12)
2906, (0, 2), (1, 12)
2907, (0, 2), (1, 12)
2908, (0, 2), (1, 12)
2909, (0, 2), (1, 12)
2910, (0, 2), (1, 12)
2911, (0, 2), (1, 12)
2912, (0, 2), (1, 12)
2913, (0, 2), (1, 12)
2914, (0, 2), (1, 12)
2915, (0, 2), (1, 12)
2916, (0, 2), (1, 12)
2917, (0, 2), (1, 12)
2918, (0, 2), (1, 12)
2919, (0, 2), (1, 12)
2920, (0, 2), (1, 12)
2921, (0, 2), (1, 12)
2922, (0, 2), (1, 12)
2923, (0, 2), (1, 12)
2924, (0, 2), (1, 12)
2925, (0, 2), (1, 12)
2926, (0, 2), (1, 12)
2927, (0, 2), (1, 12)
2928, (0, 2), (1, 12)
2929, (0, 2), (1, 12)
2930, (0, 2), (1, 12)
2931, (0, 2), (1, 12)
2932, (0, 2), (1, 12)
2933, (0, 2), (1, 12)
2934, (0, 2), (1, 12)
2935, (0, 2), (1, 12)
2936, (0, 2), (1, 12)
2937, (0, 2), (1, 12)
2938, (0, 2), (1, 12)
2939, (0, 2), (1, 12)
2940, (0, 2), (1, 12)
2941, (0, 2), (1, 12)
2942, (0, 2), (1, 12)
2943, (0, 2), (1, 12)
2944, (0, 2), (1, 12)
2945, (0, 2), (1, 12)
2946, (0, 2), (1, 12)
2947, (0, 2), (1, 12)
2948, (0, 2), (1, 12)
2949, (0, 2), (1, 12)
2950, (0, 2), (1, 12)
2951, (0, 2), (1, 12)
2952, (0, 2), (1, 12)
2953, (0, 2), (1, 12)
2954, (0, 2), (1, 12)
2955, (0, 2), (1, 12)
2956, (0, 2), (1, 12)
2957, (0, 2), (1, 12)
2958, (0, 2), (1, 12)
2959, (0, 2), (1, 12)
2960, (0, 2), (1, 12)
2961, (0, 2), (1, 12)
2962, (0, 2), (1, 12)
2963, (0, 2), (1, 12)
2964, (0, 2), (1, 12)
2965, (0, 2), (1, 12)
2966, (0, 2), (1, 12)
2967, (0, 2), (1, 12)
2968, (0, 2), (1, 12)
2969, (0, 2), (1, 12)
2970, (0, 2), (1, 12)
2971, (0, 2), (1, 12)
2972, (0, 2), (1, 12)
2973, (0, 2), (1, 12)
2974, (0, 2), (1, 12)
2975, (0, 2), (1, 12)
2976, (0, 2), (1, 12)
2977, (0, 2), (1, 12)
2978, (0, 2), (1, 12)
2979, (0, 2), (1, 12)
2980, (0, 2), (1, 12)
2981, (0, 2), (1, 12)
2982, (0, 2), (1, 12)
2983, (0, 2), (1, 12)
2984, (0, 2), (1, 12)
2985, (0, 2), (1, 12)
2986, (0, 2), (1, 12)
2987, (0, 2), (1, 12)
2988, (0, 2), (1, 12)
2989, (0, 2), (1, 12)
2990, (0, 2), (1, 12)
2991, (0, 2), (1, 12)
2992, (0, 2), (1, 12)
2993, (0, 2), (1, 12)
2994, (0, 2), (1, 12)
2995, (0, 2), (1, 12)
2996, (0, 2), (1, 12)
2997, (0, 2), (1, 12)
2998, (0, 2), (1, 12)
2999, (0, 2), (1, 12)
3000, (0, 2), (1, 12)
3001, (0, 2), (1, 12)
3002, (0, 2), (1, 12)
3003, (0, 2), (1, 12)
3004, (0, 2), (1, 12)
3005, (0, 2), (1, 12)
3006, (0, 2), (1, 12)
3007, (0, 2), (1, 12)
3008, (0, 2), (1, 12)
3009, (0, 2), (1, 12)
3010, (0, 2), (1, 12)
3011, (0, 2), (1, 12)
3012, (0, 2), (1, 12)
3013, (0, 2), (1, 12)
3014, (0, 2), (1, 12)
3015, (0, 2), (1, 12)
3016, (0, 2), (1, 12)
3017, (0, 2), (1, 12)
3018, (0, 2), (1, 12)
3019, (0, 2), (1, 12)
3020, (0, 2), (1, 12)
3021, (0, 2), (1, 12)
3022, (0, 2), (1, 12)
3023, (0, 2), (1, 12)
3024, (0, 2), (1, 12)
3025, (0, 2), (1, 12)
3026, (0, 2), (1, 12)
3027, (0, 2), (1, 12)
3028, (0, 2), (1, 12)
3029, (0, 2), (1, 12)
3030, (0, 2), (1, 12)
3031, (0, 2), (1, 12)
3032, (0, 2), (1, 12)
3033, (0, 2), (1, 12)
3034, (0, 2), (1, 12)
3035, (0, 2), (1, 12)
3036, (0, 2), (1, 12)
3037, (0, 2), (1, 12)
3038, (0, 2), (1, 12)
3039, (0, 2), (1, 12)
3040, (0, 2), (1, 12)
3041, (0, 2), (1, 12)
3042, (0, 2), (1, 12)
3043, (0, 2), (1, 12)
3044, (0, 2), (1, 12)
3045, (0, 2), (1, 12)
3046, (0, 2), (1, 12)
3047, (0, 2), (1, 12)
3048, (0, 2), (1, 12)
3049, (0, 2), (1, 12)
3050, (0, 2), (1, 12)
3051, (0, 2), (1, 12)
3052, (0, 2), (1, 12)
3053, (0, 2), (1, 12)
3054, (0, 2), (1, 12)
3055, (0, 2), (1, 12)
3056, (0, 2), (1, 12)
3057, (0, 2), (1, 12)
3058, (0, 2), (1, 12)
3059, (0, 2), (1, 12)
3060, (0, 2), (1, 12)
3061, (0, 2), (1, 12)
3062, (0, 2), (1, 12)
3063, (0, 2), (1, 12)
3064, (0, 2), (1, 12)
3065, (0, 2), (1, 12)
3066, (0, 2), (1, 12)
3067, (0, 2), (1, 12)
3068, (0, 2), (1, 12)
3069, (0, 2), (1, 12)
3070, (0, 2), (1, 12)
3071, (0, 2), (1, 12)
3072, (0, 1), (2, 12)
3073, (0, 1), (2, 12)
3074, (0, 1), (2, 12)
3075, (0, 1), (2, 12)
3076, (0, 1), (2, 12)
3077, (0, 1), (2, 12)
3078, (0, 1), (2, 12)
3079, (0, 1), (2, 12)
3080, (0, 1), (2, 12)
3081, (0, 1), (2, 12)
3082, (0, 1), (2, 12)
3083, (0, 1), (2, 12)
3084, (0, 1), (2, 12)
3085, (0, 1), (2, 12)
3086, (0, 1), (2, 12)
3087, (0, 1), (2, 12)
3088, (0, 1), (2, 12)
3089, (0, 1), (2, 12)
3090, (0, 1), (2, 12)
3091, (0, 1), (2, 12)
3092, (0, 1), (2, 12)
3093, (0, 1), (2, 12)
3094, (0, 1), (2, 12)
3095, (0, 1), (2, 12)
3096, (0, 1), (2, 12)
3097, (0, 1), (2, 12)
3098, (0, 1), (2, 12)
3099, (0, 1), (2, 12)
3100, (0, 1), (2, 12)
3101, (0, 1), (2, 12)
3102, (0, 1), (2, 12)
3103, (0, 1), (2, 12)
3104, (0, 1), (2, 12)
3105, (0, 1), (2, 12)
3106, (0, 1), (2, 12)
3107, (0, 1), (2, 12)
3108, (0, 1), (2, 12)
3109, (0, 1), (2, 12)
3110, (0, 1), (2, 12)
3111, (0, 1), (2, 12)
3112, (0, 1), (2, 12)
3113, (0, 1), (2, 12)
3114, (0, 1), (2, 12)
3115, (0, 1), (2, 12)
3116, (0, 1), (2, 12)
3117, (0, 1), (2, 12)
3118, (0, 1), (2, 12)
3119, (0, 1), (2, 12)
3120, (0, 1), (2, 12)
3121, (0, 1), (2, 12)
3122, (0, 1), (2, 12)
3123, (0, 1), (2, 12)
3124, (0, 1), (2, 12)
3125, (0, 1), (2, 12)
3126, (0, 1), (2, 12)
3127, (0, 1), (2, 12)
3128, (0, 1), (2, 12)
3129, (0, 1), (2, 12)
3130, (0, 1), (2, 12)
3131, (0, 1), (2, 12)
3132, (0, 1), (2, 12)
3133, (0, 1), (2, 12)
3134, (0, 1), (2, 12)
3135, (0, 1), (2, 12)
3136, (0, 1), (2, 12)
3137, (0, 1), (2, 12)
3138, (0, 1), (2, 12)
3139, (0, 1), (2, 12)
3140, (0, 1), (2, 12)
3141, (0, 1), (2, 12)
3142, (0, 1), (2, 12)
3143, (0, 1), (2, 12)
3144, (0, 1), (2, 12)
3145, (0, 1), (2, 12)
3146, (0, 1), (2, 12)
3147, (0, 1), (2, 12)
3148, (0, 1), (2, 12)
3149, (0, 1), (2, 12)
3150, (0, 1), (2, 12)
3151, (0, 1), (2, 12)
3152, (0, 1), (2, 12)
3153, (0, 1), (2, 12)
3154, (0, 1), (2, 12)
3155, (0, 1), (2, 12)
3156, (0, 1), (2, 12)
3157, (0, 1), (2, 12)
3158, (0, 1), (2, 12)
3159, (0, 1), (2, 12)
3160, (0, 1), (2, 12)
3161, (0, 1), (2, 12)
3162, (0, 1), (2, 12)
3163, (0, 1), (2, 12)
3164, (0, 1), (2, 12)
3165, (0, 1), (2, 12)
3166, (0, 1), (2, 12)
3167, (0, 1), (2, 12)
3168, (0, 1), (2, 12)
3169, (0, 1), (2, 12)
3170, (0, 1), (2, 12)
3171, (0, 1), (2, 12)
3172, (0, 1), (2, 12)
3173, (0, 1), (2, 12)
3174, (0, 1), (2, 12)
3175, (0, 1), (2, 12)
3176, (0, 1), (2, 12)
3177, (0, 1), (2, 12)
3178, (0, 1), (2, 12)
3179, (0, 1), (2, 12)
3180, (0, 1), (2, 12)
3181, (0, 1), (2, 12)
3182, (0, 1), (2, 12)
3183, (0, 1), (2, 12)
3184, (0, 1), (2, 12)
3185, (0, 1), (2, 12)
3186, (0, 1), (2, 12)
3187, (0, 1), (2, 12)
3188, (0, 1), (2, 12)
3189, (0, 1), (2, 12)
3190, (0, 1), (2, 12)
3191, (0, 1), (2, 12)
3192, (0, 1), (2, 12)
3193, (0, 1), (2, 12)
3194, (0, 1), (2, 12)
3195, (0, 1), (2, 12)
3196, (0, 1), (2, 12)
3197, (0, 1), (2, 12)
3198, (0, 1), (2, 12)
3199, (0, 1), (2, 12)
3200, (0, 1), (2, 12)
3201, (0, 1), (2, 12)
3202, (0, 1), (2, 12)
3203, (0, 1), (2, 12)
3204, (0, 1), (2, 12)
3205, (0, 1), (2, 12)
3206, (0, 1), (2, 12)
3207, (0, 1), (2, 12)
3208, (0, 1), (2, 12)
3209, (0, 1), (2, 12)
3210, (0, 1), (2, 12)
3211, (0, 1), (2, 12)
3212, (0, 1), (2, 12)
3213, (0, 1), (2, 12)
3214, (0, 1), (2, 12)
3215, (0, 1), (2, 12)
3216, (0, 1), (2, 12)
3217, (0, 1), (2, 12)
3218, (0, 1), (2, 12)
3219, (0, 1), (2, 12)
3220, (0, 1), (2, 12)
3221, (0, 1), (2, 12)
3222, (0, 1), (2, 12)
3223, (0, 1), (2, 12)
3224, (0, 1), (2, 12)
3225, (0, 1), (2, 12)
3226, (0, 1), (2, 12)
3227, (0, 1), (2, 12)
3228, (0, 1), (2, 12)
3229, (0, 1), (2, 12)
3230, (0, 1), (2, 12)
3231, (0, 1), (2, 12)
3232, (0, 1), (2, 12)
3233, (0, 1), (2, 12)
3234, (0, 1), (2, 12)
3235, (0, 1), (2, 12)
3236, (0, 1), (2, 12)
3237, (0, 1), (2, 12)
3238, (0, 1), (2, 12)
3239, (0, 1), (2, 12)
3240, (0, 1), (2, 12)
3241, (0, 1), (2, 12)
3242, (0, 1), (2, 12)
3243, (0, 1), (2, 12)
3244, (0, 1), (2, 12)
3245, (0, 1), (2, 12)
3246, (0, 1), (2, 12)
3247, (0, 1), (2, 12)
3248, (0, 1), (2, 12)
3249, (0, 1), (2, 12)
3250, (0, 1), (2, 12)
3251, (0, 1), (2, 12)
3252, (0, 1), (2, 12)
3253, (0, 1), (2, 12)
3254, (0, 1), (2, 12)
3255, (0, 1), (2, 12)
3256, (0, 1), (2, 12)
3257, (0, 1), (2, 12)
3258, (0, 1), (2, 12)
3259, (0, 1), (2, 12)
3260, (0, 1), (2, 12)
3261, (0, 1), (2, 12)
3262, (0, 1), (2, 12)
3263, (0, 1), (2, 12)
3264, (0, 1), (2, 12)
3265, (0, 1), (2, 12)
3266, (0, 1), (2, 12)
3267, (0, 1), (2, 12)
3268, (0, 1), (2, 12)
3269, (0, 1), (2, 12)
3270, (0, 1), (2, 12)
3271, (0, 1), (2, 12)
3272, (0, 1), (2, 12)
3273, (0, 1), (2, 12)
3274, (0, 1), (2, 12)
3275, (0, 1), (2, 12)
3276, (0, 1), (2, 12)
3277, (0, 1), (2, 12)
3278, (0, 1), (2, 12)
3279, (0, 1), (2, 12)
3280, (0, 1), (2, 12)
3281, (0, 1), (2, 12)
3282, (0, 1), (2, 12)
3283, (0, 1), (2, 12)
3284, (0, 1), (2, 12)
3285, (0, 1), (2, 12)
3286, (0, 1), (2, 12)
3287, (0, 1), (2, 12)
3288, (0, 1), (2, 12)
3289, (0, 1), (2, 12)
3290, (0, 1), (2, 12)
3291, (0, 1), (2, 12)
3292, (0, 1), (2, 12)
3293, (0, 1), (2, 12)
3294, (0, 1), (2, 12)
3295, (0, 1), (2, 12)
3296, (0, 1), (2, 12)
3297, (0, 1), (2, 12)
3298, (0, 1), (2, 12)
3299, (0, 1), (2, 12)
3300, (0, 1), (2, 12)
3301, (0, 1), (2, 12)
3302, (0, 1), (2, 12)
3303, (0, 1), (2, 12)
3304, (0, 1), (2, 12)
3305, (0, 1), (2, 12)
3306, (0, 1), (2, 12)
3307, (0, 1), (2, 12)
3308, (0, 1), (2, 12)
3309, (0, 1), (2, 12)
3310, (0, 1), (2, 12)
3311, (0, 1), (2, 12)
3312, (0, 1), (2, 12)
3313, (0, 1), (2, 12)
3314, (0, 1), (2, 12)
3315, (0, 1), (2, 12)
3316, (0, 1), (2, 12)
3317, (0, 1), (2, 12)
3318, (0, 1), (2, 12)
3319, (0, 1), (2, 12)
3320, (0, 1), (2, 12)
3321, (0, 1), (2, 12)
3322, (0, 1), (2, 12)
3323, (0, 1), (2, 12)
3324, (0, 1), (2, 12)
3325, (0, 1), (2, 12)
3326, (0, 1), (2, 12)
3327, (0, 1), (2, 12)
3328, (0, 1), (2, 12)
3329, (0, 1), (2, 12)
3330, (0, 1), (2, 12)
3331, (0, 1), (2, 12)
3332, (0, 1), (2, 12)
3333, (0, 1), (2, 12)
3334, (0, 1), (2, 12)
3335, (0, 1), (2, 12)
3336, (0, 1), (2, 12)
3337, (0, 1), (2, 12)
3338, (0, 1), (2, 12)
3339, (0, 1), (2, 12)
3340, (0, 1), (2, 12)
3341, (0, 1), (2, 12)
3342, (0, 1), (2, 12)
3343, (0, 1), (2, 12)
3344, (0, 1), (2, 12)
3345, (0, 1), (2, 12)
3346, (0, 1), (2, 12)
3347, (0, 1), (2, 12)
3348, (0, 1), (2, 12)
3349, (0, 1), (2, 12)
3350, (0, 1), (2, 12)
3351, (0, 1), (2, 12)
3352, (0, 1), (2, 12)
3353, (0, 1), (2, 12)
3354, (0, 1), (2, 12)
3355, (0, 1), (2, 12)
3356, (0, 1), (2, 12)
3357, (0, 1), (2, 12)
3358, (0, 1), (2, 12)
3359, (0, 1), (2, 12)
3360, (0, 1), (2, 12)
3361, (0, 1), (2, 12)
3362, (0, 1), (2, 12)
3363, (0, 1), (2, 12)
3364, (0, 1), (2, 12)
3365, (0, 1), (2, 12)
3366, (0, 1), (2, 12)
3367, (0, 1), (2, 12)
3368, (0, 1), (2, 12)
3369, (0, 1), (2, 12)
3370, (0, 1), (2, 12)
3371, (0, 1), (2, 12)
3372, (0, 1), (2, 12)
3373, (0, 1), (2, 12)
3374, (0, 1), (2, 12)
3375, (0, 1), (2, 12)
3376, (0, 1), (2, 12)
3377, (0, 1), (2, 12)
3378, (0, 1), (2, 12)
3379, (0, 1), (2, 12)
3380, (0, 1), (2, 12)
3381, (0, 1), (2, 12)
3382, (0, 1), (2, 12)
3383, (0, 1), (2, 12)
3384, (0, 1), (2, 12)
3385, (0, 1), (2, 12)
3386, (0, 1), (2, 12)
3387, (0, 1), (2, 12)
3388, (0, 1), (2, 12)
3389, (0, 1), (2, 12)
3390, (0, 1), (2, 12)
3391, (0, 1), (2, 12)
3392, (0, 1), (2, 12)
3393, (0, 1), (2, 12)
3394, (0, 1), (2, 12)
3395, (0, 1), (2, 12)
3396, (0, 1), (2, 12)
3397, (0, 1), (2, 12)
3398, (0, 1), (2, 12)
3399, (0, 1), (2, 12)
3400, (0, 1), (2, 12)
3401, (0, 1), (2, 12)
3402, (0, 1), (2, 12)
3403, (0, 1), (2, 12)
3404, (0, 1), (2, 12)
3405, (0, 1), (2, 12)
3406, (0, 1), (2, 12)
3407, (0, 1), (2, 12)
3408, (0, 1), (2, 12)
3409, (0, 1), (2, 12)
3410, (0, 1), (2, 12)
3411, (0, 1), (2, 12)
3412, (0, 1), (2, 12)
3413, (0, 1), (2, 12)
3414, (0, 1), (2, 12)
3415, (0, 1), (2, 12)
3416, (0, 1), (2, 12)
3417, (0, 1), (2, 12)
3418, (0, 1), (2, 12)
3419, (0, 1), (2, 12)
3420, (0, 1), (2, 12)
3421, (0, 1), (2, 12)
3422, (0, 1), (2, 12)
3423, (0, 1), (2, 12)
3424, (0, 1), (2, 12)
3425, (0, 1), (2, 12)
3426, (0, 1), (2, 12)
3427, (0, 1), (2, 12)
3428, (0, 1), (2, 12)
3429, (0, 1), (2, 12)
3430, (0, 1), (2, 12)
3431, (0, 1), (2, 12)
3432, (0, 1), (2, 12)
3433, (0, 1), (2, 12)
3434, (0, 1), (2, 12)
3435, (0, 1), (2, 12)
3436, (0, 1), (2, 12)
3437, (0, 1), (2, 12)
3438, (0, 1), (2, 12)
3439, (0, 1), (2, 12)
3440, (0, 1), (2, 12)
3441, (0, 1), (2, 12)
3442, (0, 1), (2, 12)
3443, (0, 1), (2, 12)
3444, (0, 1), (2, 12)
3445, (0, 1), (2, 12)
3446, (0, 1), (2, 12)
3447, (0, 1), (2, 12)
3448, (0, 1), (2, 12)
3449, (0, 1), (2, 12)
3450, (0, 1), (2, 12)
3451, (0, 1), (2, 12)
3452, (0, 1), (2, 12)
3453, (0, 1), (2, 12)
3454, (0, 1), (2, 12)
3455, (0, 1), (2, 12)
3456, (0, 1), (2, 12)
3457, (0, 1), (2, 12)
3458, (0, 1), (2, 12)
3459, (0, 1), (2, 12)
3460, (0, 1), (2, 12)
3461, (0, 1), (2, 12)
3462, (0, 1), (2, 12)
3463, (0, 1), (2, 12)
3464, (0, 1), (2, 12)
3465, (0, 1), (2, 12)
3466, (0, 1), (2, 12)
3467, (0, 1), (2, 12)
3468, (0, 1), (2, 12)
3469, (0, 1), (2, 12)
3470, (0, 1), (2, 12)
3471, (0, 1), (2, 12)
3472, (0, 1), (2, 12)
3473, (0, 1), (2, 12)
3474, (0, 1), (2, 12)
3475, (0, 1), (2, 12)
3476, (0, 1), (2, 12)
3477, (0, 1), (2, 12)
3478, (0, 1), (2, 12)
3479, (0, 1), (2, 12)
3480, (0, 1), (2, 12)
3481, (0, 1), (2, 12)
3482, (0, 1), (2, 12)
3483, (0, 1), (2, 12)
3484, (0, 1), (2, 12)
3485, (0, 1), (2, 12)
3486, (0, 1), (2, 12)
3487, (0, 1), (2, 12)
3488, (0, 1), (2, 12)
3489, (0, 1), (2, 12)
3490, (0, 1), (2, 12)
3491, (0, 1), (2, 12)
3492, (0, 1), (2, 12)
3493, (0, 1), (2, 12)
3494, (0, 1), (2, 12)
3495, (0, 1), (2, 12)
3496, (0, 1), (2, 12)
3497, (0, 1), (2, 12)
3498, (0, 1), (2, 12)
3499, (0, 1), (2, 12)
3500, (0, 1), (2, 12)
3501, (0, 1), (2, 12)
3502, (0, 1), (2, 12)
3503, (0, 1), (2, 12)
3504, (0, 1), (2, 12)
3505, (0, 1), (2, 12)
3506, (0, 1), (2, 12)
3507, (0, 1), (2, 12)
3508, (0, 1), (2, 12)
3509, (0, 1), (2, 12)
3510, (0, 1), (2, 12)
3511, (0, 1), (2, 12)
3512, (0, 1), (2, 12)
3513, (0, 1), (2, 12)
3514, (0, 1), (2, 12)
3515, (0, 1), (2, 12)
3516, (0, 1), (2, 12)
3517, (0, 1), (2, 12)
3518, (0, 1), (2, 12)
3519, (0, 1), (2, 12)
3520, (0, 1), (2, 12)
3521, (0, 1), (2, 12)
3522, (0, 1), (2, 12)
3523, (0, 1), (2, 12)
3524, (0, 1), (2, 12)
3525, (0, 1), (2, 12)
3526, (0, 1), (2, 12)
3527, (0, 1), (2, 12)
3528, (0, 1), (2, 12)
3529, (0, 1), (2, 12)
3530, (0, 1), (2, 12)
3531, (0, 1), (2, 12)
3532, (0, 1), (2, 12)
3533, (0, 1), (2, 12)
3534, (0, 1), (2, 12)
3535, (0, 1), (2, 12)
3536, (0, 1), (2, 12)
3537, (0, 1), (2, 12)
3538, (0, 1), (2, 12)
3539, (0, 1), (2, 12)
3540, (0, 1), (2, 12)
3541, (0, 1), (2, 12)
3542, (0, 1), (2, 12)
3543, (0, 1), (2, 12)
3544, (0, 1), (2, 12)
3545, (0, 1), (2, 12)
3546, (0, 1), (2, 12)
3547, (0, 1), (2, 12)
3548, (0, 1), (2, 12)
3549, (0, 1), (2, 12)
3550, (0, 1), (2, 12)
3551, (0, 1), (2, 12)
3552, (0, 1), (2, 12)
3553, (0, 1), (2, 12)
3554, (0, 1), (2, 12)
3555, (0, 1), (2, 12)
3556, (0, 1), (2, 12)
3557, (0, 1), (2, 12)
3558, (0, 1), (2, 12)
3559, (0, 1), (2, 12)
3560, (0, 1), (2, 12)
3561, (0, 1), (2, 12)
3562, (0, 1), (2, 12)
3563, (0, 1), (2, 12)
3564, (0, 1), (2, 12)
3565, (0, 1), (2, 12)
3566, (0, 1), (2, 12)
3567, (0, 1), (2, 12)
3568, (0, 1), (2, 12)
3569, (0, 1), (2, 12)
3570, (0, 1), (2, 12)
3571, (0, 1), (2, 12)
3572, (0, 1), (2, 12)
3573, (0, 1), (2, 12)
3574, (0, 1), (2, 12)
3575, (0, 1), (2, 12)
3576, (0, 1), (2, 12)
3577, (0, 1), (2, 12)
3578, (0, 1), (2, 12)
3579, (0, 1), (2, 12)
3580, (0, 1), (2, 12)
3581, (0, 1), (2, 12)
3582, (0, 1), (2, 12)
3583, (0, 1), (2, 12)
3592, (2, 8), (5, 12)
3593, (2, 8), (5, 12)
3594, (2, 8), (5, 12)
3595, (2, 8), (5, 12)
3596, (2, 8), (5, 12)
3597, (2, 8), (5, 12)
3598, (2, 8), (5, 12)
3599, (2, 8), (5, 12)
3600, (1, 7), (4, 12)
3601, (1, 7), (4, 12)
3602, (1, 7), (4, 12)
3603, (1, 7), (4, 12)
3604, (1, 7), (4, 12)
3605, (1, 7), (4, 12)
3606, (1, 7), (4, 12)
3607, (1, 7), (4, 12)
3608, (1, 7), (4, 12)
3609, (1, 7), (4, 12)
3610, (1, 7), (4, 12)
3611, (1, 7), (4, 12)
3612, (1, 7), (4, 12)
3613, (1, 7), (4, 12)
3614, (1, 7), (4, 12)
3615, (1, 7), (4, 12)
3616, (0, 6), (3, 12)
3617, (0, 6), (3, 12)
3618, (0, 6), (3, 12)
3619, (0, 6), (3, 12)
3620, (0, 6), (3, 12)
3621, (0, 6), (3, 12)
3622, (0, 6), (3, 12)
3623, (0, 6), (3, 12)
3624, (0, 6), (3, 12)
3625, (0, 6), (3, 12)
3626, (0, 6), (3, 12)
3627, (0, 6), (3, 12)
3628, (0, 6), (3, 12)
3629, (0, 6), (3, 12)
3630, (0, 6), (3, 12)
3631, (0, 6), (3, 12)
3632, (0, 6), (3, 12)
3633, (0, 6), (3, 12)
3634, (0, 6), (3, 12)
3635, (0, 6), (3, 12)
3636, (0, 6), (3, 12)
3637, (0, 6), (3, 12)
3638, (0, 6), (3, 12)
3639, (0, 6), (3, 12)
3640, (0, 6), (3, 12)
3641, (0, 6), (3, 12)
3642, (0, 6), (3, 12)
3643, (0, 6), (3, 12)
3644, (0, 6), (3, 12)
3645, (0, 6), (3, 12)
3646, (0, 6), (3, 12)
3647, (0, 6), (3, 12)
3648, (2, 5), (8, 12)
3649, (2, 5), (8, 12)
3650, (2, 5), (8, 12)
3651, (2, 5), (8, 12)
3652, (2, 5), (8, 12)
3653, (2, 5), (8, 12)
3654, (2, 5), (8, 12)
3655, (2, 5), (8, 12)
3664, (1, 7), (4, 12)
3665, (1, 7), (4, 12)
3666, (1, 7), (4, 12)
3667, (1, 7), (4, 12)
3668, (1, 7), (4, 12)
3669, (1, 7), (4, 12)
3670, (1, 7), (4, 12)
3671, (1, 7), (4, 12)
3672, (1, 7), (4, 12)
3673, (1, 7), (4, 12)
3674, (1, 7), (4, 12)
3675, (1, 7), (4, 12)
3676, (1, 7), (4, 12)
3677, (1, 7), (4, 12)
3678, (1, 7), (4, 12)
3679, (1, 7), (4, 12)
3680, (0, 6), (3, 12)
3681, (0, 6), (3, 12)
3682, (0, 6), (3, 12)
3683, (0, 6), (3, 12)
3684, (0, 6), (3, 12)
3685, (0, 6), (3, 12)
3686, (0, 6), (3, 12)
3687, (0, 6), (3, 12)
3688, (0, 6), (3, 12)
3689, (0, 6), (3, 12)
3690, (0, 6), (3, 12)
3691, (0, 6), (3, 12)
3692, (0, 6), (3, 12)
3693, (0, 6), (3, 12)
3694, (0, 6), (3, 12)
3695, (0, 6), (3, 12)
3696, (0, 6), (3, 12)
3697, (0, 6), (3, 12)
3698, (0, 6), (3, 12)
3699, (0, 6), (3, 12)
3700, (0, 6), (3, 12)
3701, (0, 6), (3, 12)
3702, (0, 6), (3, 12)
3703, (0, 6), (3, 12)
3704, (0, 6), (3, 12)
3705, (0, 6), (3, 12)
3706, (0, 6), (3, 12)
3707, (0, 6), (3, 12)
3708, (0, 6), (3, 12)
3709, (0, 6), (3, 12)
3710, (0, 6), (3, 12)
3711, (0, 6), (3, 12)
3712, (1, 4), (7, 12)
3713, (1, 4), (7, 12)
3714, (1, 4), (7, 12)
3715, (1, 4), (7, 12)
3716, (1, 4), (7, 12)
3717, (1, 4), (7, 12)
3718, (1, 4), (7, 12)
3719, (1, 4), (7, 12)
3720, (2, 8), (5, 12)
3721, (2, 8), (5, 12)
3722, (2, 8), (5, 12)
3723, (2, 8), (5, 12)
3724, (2, 8), (5, 12)
3725, (2, 8), (5, 12)
3726, (2, 8), (5, 12)
3727, (2, 8), (5, 12)
3736, (2, 8), (5, 12)
3737, (2, 8), (5, 12)
3738, (2, 8), (5, 12)
3739, (2, 8), (5, 12)
3740, (2, 8), (5, 12)
3741, (2, 8), (5, 12)
3742, (2, 8), (5, 12)
3743, (2, 8), (5, 12)
3744, (0, 6), (3, 12)
3745, (0, 6), (3, 12)
3746, (0, 6), (3, 12)
3747, (0, 6), (3, 12)
3748, (0, 6), (3, 12)
3749, (0, 6), (3, 12)
3750, (0, 6), (3, 12)
3751, (0, 6), (3, 12)
3752, (0, 6), (3, 12)
3753, (0, 6), (3, 12)
3754, (0, 6), (3, 12)
3755, (0, 6), (3, 12)
3756, (0, 6), (3, 12)
3757, (0, 6), (3, 12)
3758, (0, 6), (3, 12)
3759, (0, 6), (3, 12)
3760, (0, 6), (3, 12)
3761, (0, 6), (3, 12)
3762, (0, 6), (3, 12)
3763, (0, 6), (3, 12)
3764, (0, 6), (3, 12)
3765, (0, 6), (3, 12)
3766, (0, 6), (3, 12)
3767, (0, 6), (3, 12)
3768, (0, 6), (3, 12)
3769, (0, 6), (3, 12)
3770, (0, 6), (3, 12)
3771, (0, 6), (3, 12)
3772, (0, 6), (3, 12)
3773, (0, 6), (3, 12)
3774, (0, 6), (3, 12)
3775, (0, 6), (3, 12)
3776, (4, 5), (3, 12)
3777, (4, 5), (3, 12)
3778, (4, 5), (3, 12)
3779, (4, 5), (3, 12)
3780, (4, 5), (3, 12)
3781, (4, 5), (3, 12)
3782, (4, 5), (3, 12)
3783, (4, 5), (3, 12)
3784, (4, 5), (3, 12)
3785, (4, 5), (3, 12)
3786, (4, 5), (3, 12)
3787, (4, 5), (3, 12)
3788, (4, 5), (3, 12)
3789, (4, 5), (3, 12)
3790, (4, 5), (3, 12)
3791, (4, 5), (3, 12)
3792, (4, 5), (3, 12)
3793, (4, 5), (3, 12)
3794, (4, 5), (3, 12)
3795, (4, 5), (3, 12)
3796, (4, 5), (3, 12)
3797, (4, 5), (3, 12)
3798, (4, 5), (3, 12)
3799, (4, 5), (3, 12)
3800, (4, 5), (3, 12)
3801, (4, 5), (3, 12)
3802, (4, 5), (3, 12)
3803, (4, 5), (3, 12)
3804, (4, 5), (3, 12)
3805, (4, 5), (3, 12)
3806, (4, 5), (3, 12)
3807, (4, 5), (3, 12)
3808, (0, 6), (3, 12)
3809, (0, 6), (3, 12)
3810, (0, 6), (3, 12)
3811, (0, 6), (3, 12)
3812, (0, 6), (3, 12)
3813, (0, 6), (3, 12)
3814, (0, 6), (3, 12)
3815, (0, 6), (3, 12)
3816, (0, 6), (3, 12)
3817, (0, 6), (3, 12)
3818, (0, 6), (3, 12)
3819, (0, 6), (3, 12)
3820, (0, 6), (3, 12)
3821, (0, 6), (3, 12)
3822, (0, 6), (3, 12)
3823, (0, 6), (3, 12)
3824, (0, 6), (3, 12)
3825, (0, 6), (3, 12)
3826, (0, 6), (3, 12)
3827, (0, 6), (3, 12)
3828, (0, 6), (3, 12)
3829, (0, 6), (3, 12)
3830, (0, 6), (3, 12)
3831, (0, 6), (3, 12)
3832, (0, 6), (3, 12)
3833, (0, 6), (3, 12)
3834, (0, 6), (3, 12)
3835, (0, 6), (3, 12)
3836, (0, 6), (3, 12)
3837, (0, 6), (3, 12)
3838, (0, 6), (3, 12)
3839, (0, 6), (3, 12)
3840, (0, 3), (6, 12)
3841, (0, 3), (6, 12)
3842, (0, 3), (6, 12)
3843, (0, 3), (6, 12)
3844, (0, 3), (6, 12)
3845, (0, 3), (6, 12)
3846, (0, 3), (6, 12)
3847, (0, 3), (6, 12)
3848, (2, 8), (5, 12)
3849, (2, 8), (5, 12)
3850, (2, 8), (5, 12)
3851, (2, 8), (5, 12)
3852, (2, 8), (5, 12)
3853, (2, 8), (5, 12)
3854, (2, 8), (5, 12)
3855, (2, 8), (5, 12)
3856, (1, 7), (4, 12)
3857, (1, 7), (4, 12)
3858, (1, 7), (4, 12)
3859, (1, 7), (4, 12)
3860, (1, 7), (4, 12)
3861, (1, 7), (4, 12)
3862, (1, 7), (4, 12)
3863, (1, 7), (4, 12)
3864, (1, 7), (4, 12)
3865, (1, 7), (4, 12)
3866, (1, 7), (4, 12)
3867, (1, 7), (4, 12)
3868, (1, 7), (4, 12)
3869, (1, 7), (4, 12)
3870, (1, 7), (4, 12)
3871, (1, 7), (4, 12)
3880, (2, 8), (5, 12)
3881, (2, 8), (5, 12)
3882, (2, 8), (5, 12)
3883, (2, 8), (5, 12)
3884, (2, 8), (5, 12)
3885, (2, 8), (5, 12)
3886, (2, 8), (5, 12)
3887, (2, 8), (5, 12)
3888, (1, 7), (4, 12)
3889, (1, 7), (4, 12)
3890, (1, 7), (4, 12)
3891, (1, 7), (4, 12)
3892, (1, 7), (4, 12)
3893, (1, 7), (4, 12)
3894, (1, 7), (4, 12)
3895, (1, 7), (4, 12)
3896, (1, 7), (4, 12)
3897, (1, 7), (4, 12)
3898, (1, 7), (4, 12)
3899, (1, 7), (4, 12)
3900, (1, 7), (4, 12)
3901, (1, 7), (4, 12)
3902, (1, 7), (4, 12)
3903, (1, 7), (4, 12)
3904, (3, 5), (4, 12)
3905, (3, 5), (4, 12)
3906, (3, 5), (4, 12)
3907, (3, 5), (4, 12)
3908, (3, 5), (4, 12)
3909, (3, 5), (4, 12)
3910, (3, 5), (4, 12)
3911, (3, 5), (4, 12)
3912, (3, 5), (4, 12)
3913, (3, 5), (4, 12)
3914, (3, 5), (4, 12)
3915, (3, 5), (4, 12)
3916, (3, 5), (4, 12)
3917, (3, 5), (4, 12)
3918, (3, 5), (4, 12)
3919, (3, 5), (4, 12)
3920, (1, 7), (4, 12)
3921, (1, 7), (4, 12)
3922, (1, 7), (4, 12)
3923, (1, 7), (4, 12)
3924, (1, 7), (4, 12)
3925, (1, 7), (4, 12)
3926, (1, 7), (4, 12)
3927, (1, 7), (4, 12)
3928, (1, 7), (4, 12)
3929, (1, 7), (4, 12)
3930, (1, 7), (4, 12)
3931, (1, 7), (4, 12)
3932, (1, 7), (4, 12)
3933, (1, 7), (4, 12)
3934, (1, 7), (4, 12)
3935, (1, 7), (4, 12)
3936, (3, 5), (4, 12)
3937, (3, 5), (4, 12)
3938, (3, 5), (4, 12)
3939, (3, 5), (4, 12)
3940, (3, 5), (4, 12)
3941, (3, 5), (4, 12)
3942, (3, 5), (4, 12)
3943, (3, 5), (4, 12)
3944, (3, 5), (4, 12)
3945, (3, 5), (4, 12)
3946, (3, 5), (4, 12)
3947, (3, 5), (4, 12)
3948, (3, 5), (4, 12)
3949, (3, 5), (4, 12)
3950, (3, 5), (4, 12)
3951, (3, 5), (4, 12)
3952, (1, 7), (4, 12)
3953, (1, 7), (4, 12)
3954, (1, 7), (4, 12)
3955, (1, 7), (4, 12)
3956, (1, 7), (4, 12)
3957, (1, 7), (4, 12)
3958, (1, 7), (4, 12)
3959, (1, 7), (4, 12)
3960, (1, 7), (4, 12)
3961, (1, 7), (4, 12)
3962, (1, 7), (4, 12)
3963, (1, 7), (4, 12)
3964, (1, 7), (4, 12)
3965, (1, 7), (4, 12)
3966, (1, 7), (4, 12)
3967, (1, 7), (4, 12)
3968, (3, 4), (5, 12)
3969, (3, 4), (5, 12)
3970, (3, 4), (5, 12)
3971, (3, 4), (5, 12)
3972, (3, 4), (5, 12)
3973, (3, 4), (5, 12)
3974, (3, 4), (5, 12)
3975, (3, 4), (5, 12)
3976, (2, 8), (5, 12)
3977, (2, 8), (5, 12)
3978, (2, 8), (5, 12)
3979, (2, 8), (5, 12)
3980, (2, 8), (5, 12)
3981, (2, 8), (5, 12)
3982, (2, 8), (5, 12)
3983, (2, 8), (5, 12)
3984, (3, 4), (5, 12)
3985, (3, 4), (5, 12)
3986, (3, 4), (5, 12)
3987, (3, 4), (5, 12)
3988, (3, 4), (5, 12)
3989, (3, 4), (5, 12)
3990, (3, 4), (5, 12)
3991, (3, 4), (5, 12)
3992, (2, 8), (5, 12)
3993, (2, 8), (5, 12)
3994, (2, 8), (5, 12)
3995, (2, 8), (5, 12)
3996, (2, 8), (5, 12)
3997, (2, 8), (5, 12)
3998, (2, 8), (5, 12)
3999, (2, 8), (5, 12)
4000, (3, 4), (5, 12)
4001, (3, 4), (5, 12)
4002, (3, 4), (5, 12)
4003, (3, 4), (5, 12)
4004, (3, 4), (5, 12)
4005, (3, 4), (5, 12)
4006, (3, 4), (5, 12)
4007, (3, 4), (5, 12)
4008, (2, 8), (5, 12)
4009, (2, 8), (5, 12)
4010, (2, 8), (5, 12)
4011, (2, 8), (5, 12)
4012, (2, 8), (5, 12)
4013, (2, 8), (5, 12)
4014, (2, 8), (5, 12)
4015, (2, 8), (5, 12)
4016, (3, 4), (5, 12)
4017, (3, 4), (5, 12)
4018, (3, 4), (5, 12)
4019, (3, 4), (5, 12)
4020, (3, 4), (5, 12)
4021, (3, 4), (5, 12)
4022, (3, 4), (5, 12)
4023, (3, 4), (5, 12)
4024, (2, 8), (5, 12)
4025, (2, 8), (5, 12)
4026, (2, 8), (5, 12)
4027, (2, 8), (5, 12)
4028, (2, 8), (5, 12)
4029, (2, 8), (5, 12)
4030, (2, 8), (5, 12)
4031, (2, 8), (5, 12)
4032, (0, 3), (6, 12)
4033, (0, 3), (6, 12)
4034, (0, 3), (6, 12)
4035, (0, 3), (6, 12)
4036, (0, 3), (6, 12)
4037, (0, 3), (6, 12)
4038, (0, 3), (6, 12)
4039, (0, 3), (6, 12)
4040, (0, 3), (6, 12)
4041, (0, 3), (6, 12)
4042, (0, 3), (6, 12)
4043, (0, 3), (6, 12)
4044, (0, 3), (6, 12)
4045, (0, 3), (6, 12)
4046, (0, 3), (6, 12)
4047, (0, 3), (6, 12)
4048, (0, 3), (6, 12)
4049, (0, 3), (6, 12)
4050, (0, 3), (6, 12)
4051, (0, 3), (6, 12)
4052, (0, 3), (6, 12)
4053, (0, 3), (6, 12)
4054, (0, 3), (6, 12)
4055, (0, 3), (6, 12)
4056, (0, 3), (6, 12)
4057, (0, 3), (6, 12)
4058, (0, 3), (6, 12)
4059, (0, 3), (6, 12)
4060, (0, 3), (6, 12)
4061, (0, 3), (6, 12)
4062, (0, 3), (6, 12)
4063, (0, 3), (6, 12)
4064, (1, 4), (7, 12)
4065, (1, 4), (7, 12)
4066, (1, 4), (7, 12)
4067, (1, 4), (7, 12)
4068, (1, 4), (7, 12)
4069, (1, 4), (7, 12)
4070, (1, 4), (7, 12)
4071, (1, 4), (7, 12)
4072, (1, 4), (7, 12)
4073, (1, 4), (7, 12)
4074, (1, 4), (7, 12)
4075, (1, 4), (7, 12)
4076, (1, 4), (7, 12)
4077, (1, 4), (7, 12)
4078, (1, 4), (7, 12)
4079, (1, 4), (7, 12)
4080, (2, 5), (8, 12)
4081, (2, 5), (8, 12)
4082, (2, 5), (8, 12)
4083, (2, 5), (8, 12)
4084, (2, 5), (8, 12)
4085, (2, 5), (8, 12)
4086, (2, 5), (8, 12)
4087, (2, 5), (8, 12)
True Count 1: 3696

Result 2 B4:
True Count 2: 0
