Result 1 B2:
Index, Spine, Page
12, (7, 8), (6, 11)
13, (7, 8), (6, 11)
14, (7, 8), (6, 11)
15, (7, 8), (6, 11)
20, (6, 8), (7, 11)
21, (6, 8), (7, 11)
22, (6, 8), (7, 11)
23, (6, 8), (7, 11)
24, (6, 7), (8, 11)
25, (6, 7), (8, 11)
26, (6, 7), (8, 11)
27, (6, 7), (8, 11)
36, (5, 8), (2, 11)
37, (5, 8), (2, 11)
38, (5, 8), (2, 11)
39, (5, 8), (2, 11)
44, (5, 8), (2, 11)
45, (5, 8), (2, 11)
46, (5, 8), (2, 11)
47, (5, 8), (2, 11)
52, (5, 8), (2, 11)
53, (5, 8), (2, 11)
54, (5, 8), (2, 11)
55, (5, 8), (2, 11)
56, (6, 7), (8, 11)
57, (6, 7), (8, 11)
58, (6, 7), (8, 11)
59, (6, 7), (8, 11)
60, (5, 8), (2, 11)
61, (5, 8), (2, 11)
62, (5, 8), (2, 11)
63, (5, 8), (2, 11)
72, (4, 7), (1, 11)
73, (4, 7), (1, 11)
74, (4, 7), (1, 11)
75, (4, 7), (1, 11)
76, (4, 7), (1, 11)
77, (4, 7), (1, 11)
78, (4, 7), (1, 11)
79, (4, 7), (1, 11)
84, (6, 8), (7, 11)
85, (6, 8), (7, 11)
86, (6, 8), (7, 11)
87, (6, 8), (7, 11)
88, (4, 7), (1, 11)
89, (4, 7), (1, 11)
90, (4, 7), (1, 11)
91, (4, 7), (1, 11)
92, (4, 7), (1, 11)
93, (4, 7), (1, 11)
94, (4, 7), (1, 11)
95, (4, 7), (1, 11)
96, (4, 5), (3, 11)
97, (4, 5), (3, 11)
98, (4, 5), (3, 11)
99, (4, 5), (3, 11)
100, (5, 8), (2, 11)
101, (5, 8), (2, 11)
102, (5, 8), (2, 11)
103, (5, 8), (2, 11)
104, (4, 7), (1, 11)
105, (4, 7), (1, 11)
106, (4, 7), (1, 11)
107, (4, 7), (1, 11)
108, (4, 7), (1, 11)
109, (4, 7), (1, 11)
110, (4, 7), (1, 11)
111, (4, 7), (1, 11)
112, (4, 5), (3, 11)
113, (4, 5), (3, 11)
114, (4, 5), (3, 11)
115, (4, 5), (3, 11)
116, (5, 8), (2, 11)
117, (5, 8), (2, 11)
118, (5, 8), (2, 11)
119, (5, 8), (2, 11)
120, (4, 7), (1, 11)
121, (4, 7), (1, 11)
122, (4, 7), (1, 11)
123, (4, 7), (1, 11)
124, (4, 7), (1, 11)
125, (4, 7), (1, 11)
126, (4, 7), (1, 11)
127, (4, 7), (1, 11)
140, (7, 8), (6, 11)
141, (7, 8), (6, 11)
142, (7, 8), (6, 11)
143, (7, 8), (6, 11)
144, (3, 6), (0, 11)
145, (3, 6), (0, 11)
146, (3, 6), (0, 11)
147, (3, 6), (0, 11)
148, (3, 6), (0, 11)
149, (3, 6), (0, 11)
150, (3, 6), (0, 11)
151, (3, 6), (0, 11)
152, (3, 6), (0, 11)
153, (3, 6), (0, 11)
154, (3, 6), (0, 11)
155, (3, 6), (0, 11)
156, (3, 6), (0, 11)
157, (3, 6), (0, 11)
158, (3, 6), (0, 11)
159, (3, 6), (0, 11)
160, (3, 5), (4, 11)
161, (3, 5), (4, 11)
162, (3, 5), (4, 11)
163, (3, 5), (4, 11)
164, (5, 8), (2, 11)
165, (5, 8), (2, 11)
166, (5, 8), (2, 11)
167, (5, 8), (2, 11)
168, (3, 5), (4, 11)
169, (3, 5), (4, 11)
170, (3, 5), (4, 11)
171, (3, 5), (4, 11)
172, (5, 8), (2, 11)
173, (5, 8), (2, 11)
174, (5, 8), (2, 11)
175, (5, 8), (2, 11)
176, (3, 6), (0, 11)
177, (3, 6), (0, 11)
178, (3, 6), (0, 11)
179, (3, 6), (0, 11)
180, (3, 6), (0, 11)
181, (3, 6), (0, 11)
182, (3, 6), (0, 11)
183, (3, 6), (0, 11)
184, (3, 6), (0, 11)
185, (3, 6), (0, 11)
186, (3, 6), (0, 11)
187, (3, 6), (0, 11)
188, (3, 6), (0, 11)
189, (3, 6), (0, 11)
190, (3, 6), (0, 11)
191, (3, 6), (0, 11)
192, (3, 4), (5, 11)
193, (3, 4), (5, 11)
194, (3, 4), (5, 11)
195, (3, 4), (5, 11)
196, (3, 4), (5, 11)
197, (3, 4), (5, 11)
198, (3, 4), (5, 11)
199, (3, 4), (5, 11)
200, (4, 7), (1, 11)
201, (4, 7), (1, 11)
202, (4, 7), (1, 11)
203, (4, 7), (1, 11)
204, (4, 7), (1, 11)
205, (4, 7), (1, 11)
206, (4, 7), (1, 11)
207, (4, 7), (1, 11)
208, (3, 6), (0, 11)
209, (3, 6), (0, 11)
210, (3, 6), (0, 11)
211, (3, 6), (0, 11)
212, (3, 6), (0, 11)
213, (3, 6), (0, 11)
214, (3, 6), (0, 11)
215, (3, 6), (0, 11)
216, (3, 6), (0, 11)
217, (3, 6), (0, 11)
218, (3, 6), (0, 11)
219, (3, 6), (0, 11)
220, (3, 6), (0, 11)
221, (3, 6), (0, 11)
222, (3, 6), (0, 11)
223, (3, 6), (0, 11)
228, (5, 8), (2, 11)
229, (5, 8), (2, 11)
230, (5, 8), (2, 11)
231, (5, 8), (2, 11)
232, (4, 7), (1, 11)
233, (4, 7), (1, 11)
234, (4, 7), (1, 11)
235, (4, 7), (1, 11)
236, (4, 7), (1, 11)
237, (4, 7), (1, 11)
238, (4, 7), (1, 11)
239, (4, 7), (1, 11)
240, (3, 6), (0, 11)
241, (3, 6), (0, 11)
242, (3, 6), (0, 11)
243, (3, 6), (0, 11)
244, (3, 6), (0, 11)
245, (3, 6), (0, 11)
246, (3, 6), (0, 11)
247, (3, 6), (0, 11)
248, (3, 6), (0, 11)
249, (3, 6), (0, 11)
250, (3, 6), (0, 11)
251, (3, 6), (0, 11)
252, (3, 6), (0, 11)
253, (3, 6), (0, 11)
254, (3, 6), (0, 11)
255, (3, 6), (0, 11)
260, (2, 8), (5, 11)
261, (2, 8), (5, 11)
262, (2, 8), (5, 11)
263, (2, 8), (5, 11)
268, (2, 8), (5, 11)
269, (2, 8), (5, 11)
270, (2, 8), (5, 11)
271, (2, 8), (5, 11)
276, (2, 8), (5, 11)
277, (2, 8), (5, 11)
278, (2, 8), (5, 11)
279, (2, 8), (5, 11)
280, (6, 7), (8, 11)
281, (6, 7), (8, 11)
282, (6, 7), (8, 11)
283, (6, 7), (8, 11)
284, (2, 8), (5, 11)
285, (2, 8), (5, 11)
286, (2, 8), (5, 11)
287, (2, 8), (5, 11)
288, (2, 5), (8, 11)
289, (2, 5), (8, 11)
290, (2, 5), (8, 11)
291, (2, 5), (8, 11)
296, (2, 5), (8, 11)
297, (2, 5), (8, 11)
298, (2, 5), (8, 11)
299, (2, 5), (8, 11)
300, (7, 8), (6, 11)
301, (7, 8), (6, 11)
302, (7, 8), (6, 11)
303, (7, 8), (6, 11)
304, (2, 5), (8, 11)
305, (2, 5), (8, 11)
306, (2, 5), (8, 11)
307, (2, 5), (8, 11)
308, (6, 8), (7, 11)
309, (6, 8), (7, 11)
310, (6, 8), (7, 11)
311, (6, 8), (7, 11)
312, (2, 5), (8, 11)
313, (2, 5), (8, 11)
314, (2, 5), (8, 11)
315, (2, 5), (8, 11)
324, (2, 8), (5, 11)
325, (2, 8), (5, 11)
326, (2, 8), (5, 11)
327, (2, 8), (5, 11)
328, (4, 7), (1, 11)
329, (4, 7), (1, 11)
330, (4, 7), (1, 11)
331, (4, 7), (1, 11)
332, (4, 7), (1, 11)
333, (4, 7), (1, 11)
334, (4, 7), (1, 11)
335, (4, 7), (1, 11)
340, (2, 8), (5, 11)
341, (2, 8), (5, 11)
342, (2, 8), (5, 11)
343, (2, 8), (5, 11)
344, (4, 7), (1, 11)
345, (4, 7), (1, 11)
346, (4, 7), (1, 11)
347, (4, 7), (1, 11)
348, (4, 7), (1, 11)
349, (4, 7), (1, 11)
350, (4, 7), (1, 11)
351, (4, 7), (1, 11)
352, (4, 5), (3, 11)
353, (4, 5), (3, 11)
354, (4, 5), (3, 11)
355, (4, 5), (3, 11)
356, (4, 5), (3, 11)
357, (4, 5), (3, 11)
358, (4, 5), (3, 11)
359, (4, 5), (3, 11)
360, (4, 7), (1, 11)
361, (4, 7), (1, 11)
362, (4, 7), (1, 11)
363, (4, 7), (1, 11)
364, (4, 7), (1, 11)
365, (4, 7), (1, 11)
366, (4, 7), (1, 11)
367, (4, 7), (1, 11)
368, (4, 5), (3, 11)
369, (4, 5), (3, 11)
370, (4, 5), (3, 11)
371, (4, 5), (3, 11)
372, (4, 5), (3, 11)
373, (4, 5), (3, 11)
374, (4, 5), (3, 11)
375, (4, 5), (3, 11)
376, (4, 7), (1, 11)
377, (4, 7), (1, 11)
378, (4, 7), (1, 11)
379, (4, 7), (1, 11)
380, (4, 7), (1, 11)
381, (4, 7), (1, 11)
382, (4, 7), (1, 11)
383, (4, 7), (1, 11)
388, (2, 8), (5, 11)
389, (2, 8), (5, 11)
390, (2, 8), (5, 11)
391, (2, 8), (5, 11)
396, (2, 8), (5, 11)
397, (2, 8), (5, 11)
398, (2, 8), (5, 11)
399, (2, 8), (5, 11)
400, (3, 6), (0, 11)
401, (3, 6), (0, 11)
402, (3, 6), (0, 11)
403, (3, 6), (0, 11)
404, (3, 6), (0, 11)
405, (3, 6), (0, 11)
406, (3, 6), (0, 11)
407, (3, 6), (0, 11)
408, (3, 6), (0, 11)
409, (3, 6), (0, 11)
410, (3, 6), (0, 11)
411, (3, 6), (0, 11)
412, (3, 6), (0, 11)
413, (3, 6), (0, 11)
414, (3, 6), (0, 11)
415, (3, 6), (0, 11)
416, (3, 5), (4, 11)
417, (3, 5), (4, 11)
418, (3, 5), (4, 11)
419, (3, 5), (4, 11)
420, (3, 5), (4, 11)
421, (3, 5), (4, 11)
422, (3, 5), (4, 11)
423, (3, 5), (4, 11)
424, (3, 5), (4, 11)
425, (3, 5), (4, 11)
426, (3, 5), (4, 11)
427, (3, 5), (4, 11)
428, (3, 5), (4, 11)
429, (3, 5), (4, 11)
430, (3, 5), (4, 11)
431, (3, 5), (4, 11)
432, (3, 6), (0, 11)
433, (3, 6), (0, 11)
434, (3, 6), (0, 11)
435, (3, 6), (0, 11)
436, (3, 6), (0, 11)
437, (3, 6), (0, 11)
438, (3, 6), (0, 11)
439, (3, 6), (0, 11)
440, (3, 6), (0, 11)
441, (3, 6), (0, 11)
442, (3, 6), (0, 11)
443, (3, 6), (0, 11)
444, (3, 6), (0, 11)
445, (3, 6), (0, 11)
446, (3, 6), (0, 11)
447, (3, 6), (0, 11)
448, (3, 4), (5, 11)
449, (3, 4), (5, 11)
450, (3, 4), (5, 11)
451, (3, 4), (5, 11)
452, (2, 8), (5, 11)
453, (2, 8), (5, 11)
454, (2, 8), (5, 11)
455, (2, 8), (5, 11)
456, (4, 7), (1, 11)
457, (4, 7), (1, 11)
458, (4, 7), (1, 11)
459, (4, 7), (1, 11)
460, (4, 7), (1, 11)
461, (4, 7), (1, 11)
462, (4, 7), (1, 11)
463, (4, 7), (1, 11)
464, (3, 6), (0, 11)
465, (3, 6), (0, 11)
466, (3, 6), (0, 11)
467, (3, 6), (0, 11)
468, (3, 6), (0, 11)
469, (3, 6), (0, 11)
470, (3, 6), (0, 11)
471, (3, 6), (0, 11)
472, (3, 6), (0, 11)
473, (3, 6), (0, 11)
474, (3, 6), (0, 11)
475, (3, 6), (0, 11)
476, (3, 6), (0, 11)
477, (3, 6), (0, 11)
478, (3, 6), (0, 11)
479, (3, 6), (0, 11)
480, (2, 5), (8, 11)
481, (2, 5), (8, 11)
482, (2, 5), (8, 11)
483, (2, 5), (8, 11)
488, (4, 7), (1, 11)
489, (4, 7), (1, 11)
490, (4, 7), (1, 11)
491, (4, 7), (1, 11)
492, (4, 7), (1, 11)
493, (4, 7), (1, 11)
494, (4, 7), (1, 11)
495, (4, 7), (1, 11)
496, (3, 6), (0, 11)
497, (3, 6), (0, 11)
498, (3, 6), (0, 11)
499, (3, 6), (0, 11)
500, (3, 6), (0, 11)
501, (3, 6), (0, 11)
502, (3, 6), (0, 11)
503, (3, 6), (0, 11)
504, (3, 6), (0, 11)
505, (3, 6), (0, 11)
506, (3, 6), (0, 11)
507, (3, 6), (0, 11)
508, (3, 6), (0, 11)
509, (3, 6), (0, 11)
510, (3, 6), (0, 11)
511, (3, 6), (0, 11)
520, (1, 7), (4, 11)
521, (1, 7), (4, 11)
522, (1, 7), (4, 11)
523, (1, 7), (4, 11)
524, (1, 7), (4, 11)
525, (1, 7), (4, 11)
526, (1, 7), (4, 11)
527, (1, 7), (4, 11)
532, (6, 8), (7, 11)
533, (6, 8), (7, 11)
534, (6, 8), (7, 11)
535, (6, 8), (7, 11)
536, (1, 7), (4, 11)
537, (1, 7), (4, 11)
538, (1, 7), (4, 11)
539, (1, 7), (4, 11)
540, (1, 7), (4, 11)
541, (1, 7), (4, 11)
542, (1, 7), (4, 11)
543, (1, 7), (4, 11)
548, (5, 8), (2, 11)
549, (5, 8), (2, 11)
550, (5, 8), (2, 11)
551, (5, 8), (2, 11)
552, (1, 7), (4, 11)
553, (1, 7), (4, 11)
554, (1, 7), (4, 11)
555, (1, 7), (4, 11)
556, (5, 8), (2, 11)
557, (5, 8), (2, 11)
558, (5, 8), (2, 11)
559, (5, 8), (2, 11)
564, (5, 8), (2, 11)
565, (5, 8), (2, 11)
566, (5, 8), (2, 11)
567, (5, 8), (2, 11)
568, (1, 7), (4, 11)
569, (1, 7), (4, 11)
570, (1, 7), (4, 11)
571, (1, 7), (4, 11)
572, (5, 8), (2, 11)
573, (5, 8), (2, 11)
574, (5, 8), (2, 11)
575, (5, 8), (2, 11)
576, (1, 4), (7, 11)
577, (1, 4), (7, 11)
578, (1, 4), (7, 11)
579, (1, 4), (7, 11)
580, (1, 4), (7, 11)
581, (1, 4), (7, 11)
582, (1, 4), (7, 11)
583, (1, 4), (7, 11)
588, (7, 8), (6, 11)
589, (7, 8), (6, 11)
590, (7, 8), (6, 11)
591, (7, 8), (6, 11)
592, (1, 4), (7, 11)
593, (1, 4), (7, 11)
594, (1, 4), (7, 11)
595, (1, 4), (7, 11)
596, (1, 4), (7, 11)
597, (1, 4), (7, 11)
598, (1, 4), (7, 11)
599, (1, 4), (7, 11)
600, (6, 7), (8, 11)
601, (6, 7), (8, 11)
602, (6, 7), (8, 11)
603, (6, 7), (8, 11)
608, (4, 5), (3, 11)
609, (4, 5), (3, 11)
610, (4, 5), (3, 11)
611, (4, 5), (3, 11)
612, (5, 8), (2, 11)
613, (5, 8), (2, 11)
614, (5, 8), (2, 11)
615, (5, 8), (2, 11)
616, (4, 5), (3, 11)
617, (4, 5), (3, 11)
618, (4, 5), (3, 11)
619, (4, 5), (3, 11)
620, (5, 8), (2, 11)
621, (5, 8), (2, 11)
622, (5, 8), (2, 11)
623, (5, 8), (2, 11)
624, (4, 5), (3, 11)
625, (4, 5), (3, 11)
626, (4, 5), (3, 11)
627, (4, 5), (3, 11)
628, (5, 8), (2, 11)
629, (5, 8), (2, 11)
630, (5, 8), (2, 11)
631, (5, 8), (2, 11)
632, (4, 5), (3, 11)
633, (4, 5), (3, 11)
634, (4, 5), (3, 11)
635, (4, 5), (3, 11)
636, (5, 8), (2, 11)
637, (5, 8), (2, 11)
638, (5, 8), (2, 11)
639, (5, 8), (2, 11)
648, (1, 7), (4, 11)
649, (1, 7), (4, 11)
650, (1, 7), (4, 11)
651, (1, 7), (4, 11)
652, (1, 7), (4, 11)
653, (1, 7), (4, 11)
654, (1, 7), (4, 11)
655, (1, 7), (4, 11)
656, (3, 6), (0, 11)
657, (3, 6), (0, 11)
658, (3, 6), (0, 11)
659, (3, 6), (0, 11)
660, (3, 6), (0, 11)
661, (3, 6), (0, 11)
662, (3, 6), (0, 11)
663, (3, 6), (0, 11)
664, (3, 6), (0, 11)
665, (3, 6), (0, 11)
666, (3, 6), (0, 11)
667, (3, 6), (0, 11)
668, (3, 6), (0, 11)
669, (3, 6), (0, 11)
670, (3, 6), (0, 11)
671, (3, 6), (0, 11)
672, (3, 5), (4, 11)
673, (3, 5), (4, 11)
674, (3, 5), (4, 11)
675, (3, 5), (4, 11)
676, (5, 8), (2, 11)
677, (5, 8), (2, 11)
678, (5, 8), (2, 11)
679, (5, 8), (2, 11)
680, (1, 7), (4, 11)
681, (1, 7), (4, 11)
682, (1, 7), (4, 11)
683, (1, 7), (4, 11)
684, (5, 8), (2, 11)
685, (5, 8), (2, 11)
686, (5, 8), (2, 11)
687, (5, 8), (2, 11)
688, (3, 6), (0, 11)
689, (3, 6), (0, 11)
690, (3, 6), (0, 11)
691, (3, 6), (0, 11)
692, (3, 6), (0, 11)
693, (3, 6), (0, 11)
694, (3, 6), (0, 11)
695, (3, 6), (0, 11)
696, (3, 6), (0, 11)
697, (3, 6), (0, 11)
698, (3, 6), (0, 11)
699, (3, 6), (0, 11)
700, (3, 6), (0, 11)
701, (3, 6), (0, 11)
702, (3, 6), (0, 11)
703, (3, 6), (0, 11)
704, (3, 4), (5, 11)
705, (3, 4), (5, 11)
706, (3, 4), (5, 11)
707, (3, 4), (5, 11)
708, (3, 4), (5, 11)
709, (3, 4), (5, 11)
710, (3, 4), (5, 11)
711, (3, 4), (5, 11)
712, (3, 4), (5, 11)
713, (3, 4), (5, 11)
714, (3, 4), (5, 11)
715, (3, 4), (5, 11)
716, (3, 4), (5, 11)
717, (3, 4), (5, 11)
718, (3, 4), (5, 11)
719, (3, 4), (5, 11)
720, (3, 6), (0, 11)
721, (3, 6), (0, 11)
722, (3, 6), (0, 11)
723, (3, 6), (0, 11)
724, (3, 6), (0, 11)
725, (3, 6), (0, 11)
726, (3, 6), (0, 11)
727, (3, 6), (0, 11)
728, (3, 6), (0, 11)
729, (3, 6), (0, 11)
730, (3, 6), (0, 11)
731, (3, 6), (0, 11)
732, (3, 6), (0, 11)
733, (3, 6), (0, 11)
734, (3, 6), (0, 11)
735, (3, 6), (0, 11)
736, (1, 4), (7, 11)
737, (1, 4), (7, 11)
738, (1, 4), (7, 11)
739, (1, 4), (7, 11)
740, (5, 8), (2, 11)
741, (5, 8), (2, 11)
742, (5, 8), (2, 11)
743, (5, 8), (2, 11)
748, (5, 8), (2, 11)
749, (5, 8), (2, 11)
750, (5, 8), (2, 11)
751, (5, 8), (2, 11)
752, (3, 6), (0, 11)
753, (3, 6), (0, 11)
754, (3, 6), (0, 11)
755, (3, 6), (0, 11)
756, (3, 6), (0, 11)
757, (3, 6), (0, 11)
758, (3, 6), (0, 11)
759, (3, 6), (0, 11)
760, (3, 6), (0, 11)
761, (3, 6), (0, 11)
762, (3, 6), (0, 11)
763, (3, 6), (0, 11)
764, (3, 6), (0, 11)
765, (3, 6), (0, 11)
766, (3, 6), (0, 11)
767, (3, 6), (0, 11)
768, (1, 2), (0, 11)
769, (1, 2), (0, 11)
770, (1, 2), (0, 11)
771, (1, 2), (0, 11)
772, (1, 2), (0, 11)
773, (1, 2), (0, 11)
774, (1, 2), (0, 11)
775, (1, 2), (0, 11)
776, (1, 2), (0, 11)
777, (1, 2), (0, 11)
778, (1, 2), (0, 11)
779, (1, 2), (0, 11)
780, (1, 2), (0, 11)
781, (1, 2), (0, 11)
782, (1, 2), (0, 11)
783, (1, 2), (0, 11)
784, (1, 2), (0, 11)
785, (1, 2), (0, 11)
786, (1, 2), (0, 11)
787, (1, 2), (0, 11)
788, (1, 2), (0, 11)
789, (1, 2), (0, 11)
790, (1, 2), (0, 11)
791, (1, 2), (0, 11)
792, (1, 2), (0, 11)
793, (1, 2), (0, 11)
794, (1, 2), (0, 11)
795, (1, 2), (0, 11)
796, (1, 2), (0, 11)
797, (1, 2), (0, 11)
798, (1, 2), (0, 11)
799, (1, 2), (0, 11)
800, (1, 2), (0, 11)
801, (1, 2), (0, 11)
802, (1, 2), (0, 11)
803, (1, 2), (0, 11)
804, (1, 2), (0, 11)
805, (1, 2), (0, 11)
806, (1, 2), (0, 11)
807, (1, 2), (0, 11)
808, (1, 2), (0, 11)
809, (1, 2), (0, 11)
810, (1, 2), (0, 11)
811, (1, 2), (0, 11)
812, (1, 2), (0, 11)
813, (1, 2), (0, 11)
814, (1, 2), (0, 11)
815, (1, 2), (0, 11)
816, (1, 2), (0, 11)
817, (1, 2), (0, 11)
818, (1, 2), (0, 11)
819, (1, 2), (0, 11)
820, (1, 2), (0, 11)
821, (1, 2), (0, 11)
822, (1, 2), (0, 11)
823, (1, 2), (0, 11)
824, (1, 2), (0, 11)
825, (1, 2), (0, 11)
826, (1, 2), (0, 11)
827, (1, 2), (0, 11)
828, (1, 2), (0, 11)
829, (1, 2), (0, 11)
830, (1, 2), (0, 11)
831, (1, 2), (0, 11)
832, (1, 2), (0, 11)
833, (1, 2), (0, 11)
834, (1, 2), (0, 11)
835, (1, 2), (0, 11)
836, (1, 2), (0, 11)
837, (1, 2), (0, 11)
838, (1, 2), (0, 11)
839, (1, 2), (0, 11)
840, (1, 2), (0, 11)
841, (1, 2), (0, 11)
842, (1, 2), (0, 11)
843, (1, 2), (0, 11)
844, (1, 2), (0, 11)
845, (1, 2), (0, 11)
846, (1, 2), (0, 11)
847, (1, 2), (0, 11)
848, (1, 2), (0, 11)
849, (1, 2), (0, 11)
850, (1, 2), (0, 11)
851, (1, 2), (0, 11)
852, (1, 2), (0, 11)
853, (1, 2), (0, 11)
854, (1, 2), (0, 11)
855, (1, 2), (0, 11)
856, (1, 2), (0, 11)
857, (1, 2), (0, 11)
858, (1, 2), (0, 11)
859, (1, 2), (0, 11)
860, (1, 2), (0, 11)
861, (1, 2), (0, 11)
862, (1, 2), (0, 11)
863, (1, 2), (0, 11)
864, (1, 2), (0, 11)
865, (1, 2), (0, 11)
866, (1, 2), (0, 11)
867, (1, 2), (0, 11)
868, (1, 2), (0, 11)
869, (1, 2), (0, 11)
870, (1, 2), (0, 11)
871, (1, 2), (0, 11)
872, (1, 2), (0, 11)
873, (1, 2), (0, 11)
874, (1, 2), (0, 11)
875, (1, 2), (0, 11)
876, (1, 2), (0, 11)
877, (1, 2), (0, 11)
878, (1, 2), (0, 11)
879, (1, 2), (0, 11)
880, (1, 2), (0, 11)
881, (1, 2), (0, 11)
882, (1, 2), (0, 11)
883, (1, 2), (0, 11)
884, (1, 2), (0, 11)
885, (1, 2), (0, 11)
886, (1, 2), (0, 11)
887, (1, 2), (0, 11)
888, (1, 2), (0, 11)
889, (1, 2), (0, 11)
890, (1, 2), (0, 11)
891, (1, 2), (0, 11)
892, (1, 2), (0, 11)
893, (1, 2), (0, 11)
894, (1, 2), (0, 11)
895, (1, 2), (0, 11)
896, (1, 2), (0, 11)
897, (1, 2), (0, 11)
898, (1, 2), (0, 11)
899, (1, 2), (0, 11)
900, (1, 2), (0, 11)
901, (1, 2), (0, 11)
902, (1, 2), (0, 11)
903, (1, 2), (0, 11)
904, (1, 2), (0, 11)
905, (1, 2), (0, 11)
906, (1, 2), (0, 11)
907, (1, 2), (0, 11)
908, (1, 2), (0, 11)
909, (1, 2), (0, 11)
910, (1, 2), (0, 11)
911, (1, 2), (0, 11)
912, (1, 2), (0, 11)
913, (1, 2), (0, 11)
914, (1, 2), (0, 11)
915, (1, 2), (0, 11)
916, (1, 2), (0, 11)
917, (1, 2), (0, 11)
918, (1, 2), (0, 11)
919, (1, 2), (0, 11)
920, (1, 2), (0, 11)
921, (1, 2), (0, 11)
922, (1, 2), (0, 11)
923, (1, 2), (0, 11)
924, (1, 2), (0, 11)
925, (1, 2), (0, 11)
926, (1, 2), (0, 11)
927, (1, 2), (0, 11)
928, (1, 2), (0, 11)
929, (1, 2), (0, 11)
930, (1, 2), (0, 11)
931, (1, 2), (0, 11)
932, (1, 2), (0, 11)
933, (1, 2), (0, 11)
934, (1, 2), (0, 11)
935, (1, 2), (0, 11)
936, (1, 2), (0, 11)
937, (1, 2), (0, 11)
938, (1, 2), (0, 11)
939, (1, 2), (0, 11)
940, (1, 2), (0, 11)
941, (1, 2), (0, 11)
942, (1, 2), (0, 11)
943, (1, 2), (0, 11)
944, (1, 2), (0, 11)
945, (1, 2), (0, 11)
946, (1, 2), (0, 11)
947, (1, 2), (0, 11)
948, (1, 2), (0, 11)
949, (1, 2), (0, 11)
950, (1, 2), (0, 11)
951, (1, 2), (0, 11)
952, (1, 2), (0, 11)
953, (1, 2), (0, 11)
954, (1, 2), (0, 11)
955, (1, 2), (0, 11)
956, (1, 2), (0, 11)
957, (1, 2), (0, 11)
958, (1, 2), (0, 11)
959, (1, 2), (0, 11)
960, (1, 2), (0, 11)
961, (1, 2), (0, 11)
962, (1, 2), (0, 11)
963, (1, 2), (0, 11)
964, (1, 2), (0, 11)
965, (1, 2), (0, 11)
966, (1, 2), (0, 11)
967, (1, 2), (0, 11)
968, (1, 2), (0, 11)
969, (1, 2), (0, 11)
970, (1, 2), (0, 11)
971, (1, 2), (0, 11)
972, (1, 2), (0, 11)
973, (1, 2), (0, 11)
974, (1, 2), (0, 11)
975, (1, 2), (0, 11)
976, (1, 2), (0, 11)
977, (1, 2), (0, 11)
978, (1, 2), (0, 11)
979, (1, 2), (0, 11)
980, (1, 2), (0, 11)
981, (1, 2), (0, 11)
982, (1, 2), (0, 11)
983, (1, 2), (0, 11)
984, (1, 2), (0, 11)
985, (1, 2), (0, 11)
986, (1, 2), (0, 11)
987, (1, 2), (0, 11)
988, (1, 2), (0, 11)
989, (1, 2), (0, 11)
990, (1, 2), (0, 11)
991, (1, 2), (0, 11)
992, (1, 2), (0, 11)
993, (1, 2), (0, 11)
994, (1, 2), (0, 11)
995, (1, 2), (0, 11)
996, (1, 2), (0, 11)
997, (1, 2), (0, 11)
998, (1, 2), (0, 11)
999, (1, 2), (0, 11)
1000, (1, 2), (0, 11)
1001, (1, 2), (0, 11)
1002, (1, 2), (0, 11)
1003, (1, 2), (0, 11)
1004, (1, 2), (0, 11)
1005, (1, 2), (0, 11)
1006, (1, 2), (0, 11)
1007, (1, 2), (0, 11)
1008, (1, 2), (0, 11)
1009, (1, 2), (0, 11)
1010, (1, 2), (0, 11)
1011, (1, 2), (0, 11)
1012, (1, 2), (0, 11)
1013, (1, 2), (0, 11)
1014, (1, 2), (0, 11)
1015, (1, 2), (0, 11)
1016, (1, 2), (0, 11)
1017, (1, 2), (0, 11)
1018, (1, 2), (0, 11)
1019, (1, 2), (0, 11)
1020, (1, 2), (0, 11)
1021, (1, 2), (0, 11)
1022, (1, 2), (0, 11)
1023, (1, 2), (0, 11)
1036, (7, 8), (6, 11)
1037, (7, 8), (6, 11)
1038, (7, 8), (6, 11)
1039, (7, 8), (6, 11)
1040, (0, 6), (3, 11)
1041, (0, 6), (3, 11)
1042, (0, 6), (3, 11)
1043, (0, 6), (3, 11)
1044, (0, 6), (3, 11)
1045, (0, 6), (3, 11)
1046, (0, 6), (3, 11)
1047, (0, 6), (3, 11)
1048, (0, 6), (3, 11)
1049, (0, 6), (3, 11)
1050, (0, 6), (3, 11)
1051, (0, 6), (3, 11)
1052, (0, 6), (3, 11)
1053, (0, 6), (3, 11)
1054, (0, 6), (3, 11)
1055, (0, 6), (3, 11)
1060, (5, 8), (2, 11)
1061, (5, 8), (2, 11)
1062, (5, 8), (2, 11)
1063, (5, 8), (2, 11)
1068, (5, 8), (2, 11)
1069, (5, 8), (2, 11)
1070, (5, 8), (2, 11)
1071, (5, 8), (2, 11)
1072, (0, 6), (3, 11)
1073, (0, 6), (3, 11)
1074, (0, 6), (3, 11)
1075, (0, 6), (3, 11)
1076, (5, 8), (2, 11)
1077, (5, 8), (2, 11)
1078, (5, 8), (2, 11)
1079, (5, 8), (2, 11)
1080, (0, 6), (3, 11)
1081, (0, 6), (3, 11)
1082, (0, 6), (3, 11)
1083, (0, 6), (3, 11)
1084, (5, 8), (2, 11)
1085, (5, 8), (2, 11)
1086, (5, 8), (2, 11)
1087, (5, 8), (2, 11)
1096, (4, 7), (1, 11)
1097, (4, 7), (1, 11)
1098, (4, 7), (1, 11)
1099, (4, 7), (1, 11)
1100, (4, 7), (1, 11)
1101, (4, 7), (1, 11)
1102, (4, 7), (1, 11)
1103, (4, 7), (1, 11)
1104, (0, 6), (3, 11)
1105, (0, 6), (3, 11)
1106, (0, 6), (3, 11)
1107, (0, 6), (3, 11)
1108, (0, 6), (3, 11)
1109, (0, 6), (3, 11)
1110, (0, 6), (3, 11)
1111, (0, 6), (3, 11)
1112, (4, 7), (1, 11)
1113, (4, 7), (1, 11)
1114, (4, 7), (1, 11)
1115, (4, 7), (1, 11)
1116, (4, 7), (1, 11)
1117, (4, 7), (1, 11)
1118, (4, 7), (1, 11)
1119, (4, 7), (1, 11)
1120, (4, 5), (3, 11)
1121, (4, 5), (3, 11)
1122, (4, 5), (3, 11)
1123, (4, 5), (3, 11)
1124, (5, 8), (2, 11)
1125, (5, 8), (2, 11)
1126, (5, 8), (2, 11)
1127, (5, 8), (2, 11)
1128, (4, 7), (1, 11)
1129, (4, 7), (1, 11)
1130, (4, 7), (1, 11)
1131, (4, 7), (1, 11)
1132, (4, 7), (1, 11)
1133, (4, 7), (1, 11)
1134, (4, 7), (1, 11)
1135, (4, 7), (1, 11)
1136, (0, 6), (3, 11)
1137, (0, 6), (3, 11)
1138, (0, 6), (3, 11)
1139, (0, 6), (3, 11)
1140, (5, 8), (2, 11)
1141, (5, 8), (2, 11)
1142, (5, 8), (2, 11)
1143, (5, 8), (2, 11)
1144, (4, 7), (1, 11)
1145, (4, 7), (1, 11)
1146, (4, 7), (1, 11)
1147, (4, 7), (1, 11)
1148, (4, 7), (1, 11)
1149, (4, 7), (1, 11)
1150, (4, 7), (1, 11)
1151, (4, 7), (1, 11)
1152, (0, 3), (6, 11)
1153, (0, 3), (6, 11)
1154, (0, 3), (6, 11)
1155, (0, 3), (6, 11)
1156, (0, 3), (6, 11)
1157, (0, 3), (6, 11)
1158, (0, 3), (6, 11)
1159, (0, 3), (6, 11)
1160, (0, 3), (6, 11)
1161, (0, 3), (6, 11)
1162, (0, 3), (6, 11)
1163, (0, 3), (6, 11)
1164, (0, 3), (6, 11)
1165, (0, 3), (6, 11)
1166, (0, 3), (6, 11)
1167, (0, 3), (6, 11)
1172, (6, 8), (7, 11)
1173, (6, 8), (7, 11)
1174, (6, 8), (7, 11)
1175, (6, 8), (7, 11)
1176, (6, 7), (8, 11)
1177, (6, 7), (8, 11)
1178, (6, 7), (8, 11)
1179, (6, 7), (8, 11)
1184, (3, 5), (4, 11)
1185, (3, 5), (4, 11)
1186, (3, 5), (4, 11)
1187, (3, 5), (4, 11)
1188, (5, 8), (2, 11)
1189, (5, 8), (2, 11)
1190, (5, 8), (2, 11)
1191, (5, 8), (2, 11)
1192, (3, 5), (4, 11)
1193, (3, 5), (4, 11)
1194, (3, 5), (4, 11)
1195, (3, 5), (4, 11)
1196, (5, 8), (2, 11)
1197, (5, 8), (2, 11)
1198, (5, 8), (2, 11)
1199, (5, 8), (2, 11)
1200, (3, 5), (4, 11)
1201, (3, 5), (4, 11)
1202, (3, 5), (4, 11)
1203, (3, 5), (4, 11)
1204, (5, 8), (2, 11)
1205, (5, 8), (2, 11)
1206, (5, 8), (2, 11)
1207, (5, 8), (2, 11)
1208, (3, 5), (4, 11)
1209, (3, 5), (4, 11)
1210, (3, 5), (4, 11)
1211, (3, 5), (4, 11)
1212, (5, 8), (2, 11)
1213, (5, 8), (2, 11)
1214, (5, 8), (2, 11)
1215, (5, 8), (2, 11)
1216, (3, 4), (5, 11)
1217, (3, 4), (5, 11)
1218, (3, 4), (5, 11)
1219, (3, 4), (5, 11)
1220, (3, 4), (5, 11)
1221, (3, 4), (5, 11)
1222, (3, 4), (5, 11)
1223, (3, 4), (5, 11)
1224, (4, 7), (1, 11)
1225, (4, 7), (1, 11)
1226, (4, 7), (1, 11)
1227, (4, 7), (1, 11)
1228, (4, 7), (1, 11)
1229, (4, 7), (1, 11)
1230, (4, 7), (1, 11)
1231, (4, 7), (1, 11)
1232, (3, 4), (5, 11)
1233, (3, 4), (5, 11)
1234, (3, 4), (5, 11)
1235, (3, 4), (5, 11)
1236, (3, 4), (5, 11)
1237, (3, 4), (5, 11)
1238, (3, 4), (5, 11)
1239, (3, 4), (5, 11)
1240, (4, 7), (1, 11)
1241, (4, 7), (1, 11)
1242, (4, 7), (1, 11)
1243, (4, 7), (1, 11)
1244, (4, 7), (1, 11)
1245, (4, 7), (1, 11)
1246, (4, 7), (1, 11)
1247, (4, 7), (1, 11)
1248, (0, 3), (6, 11)
1249, (0, 3), (6, 11)
1250, (0, 3), (6, 11)
1251, (0, 3), (6, 11)
1252, (5, 8), (2, 11)
1253, (5, 8), (2, 11)
1254, (5, 8), (2, 11)
1255, (5, 8), (2, 11)
1256, (4, 7), (1, 11)
1257, (4, 7), (1, 11)
1258, (4, 7), (1, 11)
1259, (4, 7), (1, 11)
1260, (4, 7), (1, 11)
1261, (4, 7), (1, 11)
1262, (4, 7), (1, 11)
1263, (4, 7), (1, 11)
1268, (5, 8), (2, 11)
1269, (5, 8), (2, 11)
1270, (5, 8), (2, 11)
1271, (5, 8), (2, 11)
1272, (4, 7), (1, 11)
1273, (4, 7), (1, 11)
1274, (4, 7), (1, 11)
1275, (4, 7), (1, 11)
1276, (4, 7), (1, 11)
1277, (4, 7), (1, 11)
1278, (4, 7), (1, 11)
1279, (4, 7), (1, 11)
1280, (0, 2), (1, 11)
1281, (0, 2), (1, 11)
1282, (0, 2), (1, 11)
1283, (0, 2), (1, 11)
1284, (0, 2), (1, 11)
1285, (0, 2), (1, 11)
1286, (0, 2), (1, 11)
1287, (0, 2), (1, 11)
1288, (0, 2), (1, 11)
1289, (0, 2), (1, 11)
1290, (0, 2), (1, 11)
1291, (0, 2), (1, 11)
1292, (0, 2), (1, 11)
1293, (0, 2), (1, 11)
1294, (0, 2), (1, 11)
1295, (0, 2), (1, 11)
1296, (0, 2), (1, 11)
1297, (0, 2), (1, 11)
1298, (0, 2), (1, 11)
1299, (0, 2), (1, 11)
1300, (0, 2), (1, 11)
1301, (0, 2), (1, 11)
1302, (0, 2), (1, 11)
1303, (0, 2), (1, 11)
1304, (0, 2), (1, 11)
1305, (0, 2), (1, 11)
1306, (0, 2), (1, 11)
1307, (0, 2), (1, 11)
1308, (0, 2), (1, 11)
1309, (0, 2), (1, 11)
1310, (0, 2), (1, 11)
1311, (0, 2), (1, 11)
1312, (0, 2), (1, 11)
1313, (0, 2), (1, 11)
1314, (0, 2), (1, 11)
1315, (0, 2), (1, 11)
1316, (0, 2), (1, 11)
1317, (0, 2), (1, 11)
1318, (0, 2), (1, 11)
1319, (0, 2), (1, 11)
1320, (0, 2), (1, 11)
1321, (0, 2), (1, 11)
1322, (0, 2), (1, 11)
1323, (0, 2), (1, 11)
1324, (0, 2), (1, 11)
1325, (0, 2), (1, 11)
1326, (0, 2), (1, 11)
1327, (0, 2), (1, 11)
1328, (0, 2), (1, 11)
1329, (0, 2), (1, 11)
1330, (0, 2), (1, 11)
1331, (0, 2), (1, 11)
1332, (0, 2), (1, 11)
1333, (0, 2), (1, 11)
1334, (0, 2), (1, 11)
1335, (0, 2), (1, 11)
1336, (0, 2), (1, 11)
1337, (0, 2), (1, 11)
1338, (0, 2), (1, 11)
1339, (0, 2), (1, 11)
1340, (0, 2), (1, 11)
1341, (0, 2), (1, 11)
1342, (0, 2), (1, 11)
1343, (0, 2), (1, 11)
1344, (0, 2), (1, 11)
1345, (0, 2), (1, 11)
1346, (0, 2), (1, 11)
1347, (0, 2), (1, 11)
1348, (0, 2), (1, 11)
1349, (0, 2), (1, 11)
1350, (0, 2), (1, 11)
1351, (0, 2), (1, 11)
1352, (0, 2), (1, 11)
1353, (0, 2), (1, 11)
1354, (0, 2), (1, 11)
1355, (0, 2), (1, 11)
1356, (0, 2), (1, 11)
1357, (0, 2), (1, 11)
1358, (0, 2), (1, 11)
1359, (0, 2), (1, 11)
1360, (0, 2), (1, 11)
1361, (0, 2), (1, 11)
1362, (0, 2), (1, 11)
1363, (0, 2), (1, 11)
1364, (0, 2), (1, 11)
1365, (0, 2), (1, 11)
1366, (0, 2), (1, 11)
1367, (0, 2), (1, 11)
1368, (0, 2), (1, 11)
1369, (0, 2), (1, 11)
1370, (0, 2), (1, 11)
1371, (0, 2), (1, 11)
1372, (0, 2), (1, 11)
1373, (0, 2), (1, 11)
1374, (0, 2), (1, 11)
1375, (0, 2), (1, 11)
1376, (0, 2), (1, 11)
1377, (0, 2), (1, 11)
1378, (0, 2), (1, 11)
1379, (0, 2), (1, 11)
1380, (0, 2), (1, 11)
1381, (0, 2), (1, 11)
1382, (0, 2), (1, 11)
1383, (0, 2), (1, 11)
1384, (0, 2), (1, 11)
1385, (0, 2), (1, 11)
1386, (0, 2), (1, 11)
1387, (0, 2), (1, 11)
1388, (0, 2), (1, 11)
1389, (0, 2), (1, 11)
1390, (0, 2), (1, 11)
1391, (0, 2), (1, 11)
1392, (0, 2), (1, 11)
1393, (0, 2), (1, 11)
1394, (0, 2), (1, 11)
1395, (0, 2), (1, 11)
1396, (0, 2), (1, 11)
1397, (0, 2), (1, 11)
1398, (0, 2), (1, 11)
1399, (0, 2), (1, 11)
1400, (0, 2), (1, 11)
1401, (0, 2), (1, 11)
1402, (0, 2), (1, 11)
1403, (0, 2), (1, 11)
1404, (0, 2), (1, 11)
1405, (0, 2), (1, 11)
1406, (0, 2), (1, 11)
1407, (0, 2), (1, 11)
1408, (0, 2), (1, 11)
1409, (0, 2), (1, 11)
1410, (0, 2), (1, 11)
1411, (0, 2), (1, 11)
1412, (0, 2), (1, 11)
1413, (0, 2), (1, 11)
1414, (0, 2), (1, 11)
1415, (0, 2), (1, 11)
1416, (0, 2), (1, 11)
1417, (0, 2), (1, 11)
1418, (0, 2), (1, 11)
1419, (0, 2), (1, 11)
1420, (0, 2), (1, 11)
1421, (0, 2), (1, 11)
1422, (0, 2), (1, 11)
1423, (0, 2), (1, 11)
1424, (0, 2), (1, 11)
1425, (0, 2), (1, 11)
1426, (0, 2), (1, 11)
1427, (0, 2), (1, 11)
1428, (0, 2), (1, 11)
1429, (0, 2), (1, 11)
1430, (0, 2), (1, 11)
1431, (0, 2), (1, 11)
1432, (0, 2), (1, 11)
1433, (0, 2), (1, 11)
1434, (0, 2), (1, 11)
1435, (0, 2), (1, 11)
1436, (0, 2), (1, 11)
1437, (0, 2), (1, 11)
1438, (0, 2), (1, 11)
1439, (0, 2), (1, 11)
1440, (0, 2), (1, 11)
1441, (0, 2), (1, 11)
1442, (0, 2), (1, 11)
1443, (0, 2), (1, 11)
1444, (0, 2), (1, 11)
1445, (0, 2), (1, 11)
1446, (0, 2), (1, 11)
1447, (0, 2), (1, 11)
1448, (0, 2), (1, 11)
1449, (0, 2), (1, 11)
1450, (0, 2), (1, 11)
1451, (0, 2), (1, 11)
1452, (0, 2), (1, 11)
1453, (0, 2), (1, 11)
1454, (0, 2), (1, 11)
1455, (0, 2), (1, 11)
1456, (0, 2), (1, 11)
1457, (0, 2), (1, 11)
1458, (0, 2), (1, 11)
1459, (0, 2), (1, 11)
1460, (0, 2), (1, 11)
1461, (0, 2), (1, 11)
1462, (0, 2), (1, 11)
1463, (0, 2), (1, 11)
1464, (0, 2), (1, 11)
1465, (0, 2), (1, 11)
1466, (0, 2), (1, 11)
1467, (0, 2), (1, 11)
1468, (0, 2), (1, 11)
1469, (0, 2), (1, 11)
1470, (0, 2), (1, 11)
1471, (0, 2), (1, 11)
1472, (0, 2), (1, 11)
1473, (0, 2), (1, 11)
1474, (0, 2), (1, 11)
1475, (0, 2), (1, 11)
1476, (0, 2), (1, 11)
1477, (0, 2), (1, 11)
1478, (0, 2), (1, 11)
1479, (0, 2), (1, 11)
1480, (0, 2), (1, 11)
1481, (0, 2), (1, 11)
1482, (0, 2), (1, 11)
1483, (0, 2), (1, 11)
1484, (0, 2), (1, 11)
1485, (0, 2), (1, 11)
1486, (0, 2), (1, 11)
1487, (0, 2), (1, 11)
1488, (0, 2), (1, 11)
1489, (0, 2), (1, 11)
1490, (0, 2), (1, 11)
1491, (0, 2), (1, 11)
1492, (0, 2), (1, 11)
1493, (0, 2), (1, 11)
1494, (0, 2), (1, 11)
1495, (0, 2), (1, 11)
1496, (0, 2), (1, 11)
1497, (0, 2), (1, 11)
1498, (0, 2), (1, 11)
1499, (0, 2), (1, 11)
1500, (0, 2), (1, 11)
1501, (0, 2), (1, 11)
1502, (0, 2), (1, 11)
1503, (0, 2), (1, 11)
1504, (0, 2), (1, 11)
1505, (0, 2), (1, 11)
1506, (0, 2), (1, 11)
1507, (0, 2), (1, 11)
1508, (0, 2), (1, 11)
1509, (0, 2), (1, 11)
1510, (0, 2), (1, 11)
1511, (0, 2), (1, 11)
1512, (0, 2), (1, 11)
1513, (0, 2), (1, 11)
1514, (0, 2), (1, 11)
1515, (0, 2), (1, 11)
1516, (0, 2), (1, 11)
1517, (0, 2), (1, 11)
1518, (0, 2), (1, 11)
1519, (0, 2), (1, 11)
1520, (0, 2), (1, 11)
1521, (0, 2), (1, 11)
1522, (0, 2), (1, 11)
1523, (0, 2), (1, 11)
1524, (0, 2), (1, 11)
1525, (0, 2), (1, 11)
1526, (0, 2), (1, 11)
1527, (0, 2), (1, 11)
1528, (0, 2), (1, 11)
1529, (0, 2), (1, 11)
1530, (0, 2), (1, 11)
1531, (0, 2), (1, 11)
1532, (0, 2), (1, 11)
1533, (0, 2), (1, 11)
1534, (0, 2), (1, 11)
1535, (0, 2), (1, 11)
1536, (0, 1), (2, 11)
1537, (0, 1), (2, 11)
1538, (0, 1), (2, 11)
1539, (0, 1), (2, 11)
1540, (0, 1), (2, 11)
1541, (0, 1), (2, 11)
1542, (0, 1), (2, 11)
1543, (0, 1), (2, 11)
1544, (0, 1), (2, 11)
1545, (0, 1), (2, 11)
1546, (0, 1), (2, 11)
1547, (0, 1), (2, 11)
1548, (0, 1), (2, 11)
1549, (0, 1), (2, 11)
1550, (0, 1), (2, 11)
1551, (0, 1), (2, 11)
1552, (0, 1), (2, 11)
1553, (0, 1), (2, 11)
1554, (0, 1), (2, 11)
1555, (0, 1), (2, 11)
1556, (0, 1), (2, 11)
1557, (0, 1), (2, 11)
1558, (0, 1), (2, 11)
1559, (0, 1), (2, 11)
1560, (0, 1), (2, 11)
1561, (0, 1), (2, 11)
1562, (0, 1), (2, 11)
1563, (0, 1), (2, 11)
1564, (0, 1), (2, 11)
1565, (0, 1), (2, 11)
1566, (0, 1), (2, 11)
1567, (0, 1), (2, 11)
1568, (0, 1), (2, 11)
1569, (0, 1), (2, 11)
1570, (0, 1), (2, 11)
1571, (0, 1), (2, 11)
1572, (0, 1), (2, 11)
1573, (0, 1), (2, 11)
1574, (0, 1), (2, 11)
1575, (0, 1), (2, 11)
1576, (0, 1), (2, 11)
1577, (0, 1), (2, 11)
1578, (0, 1), (2, 11)
1579, (0, 1), (2, 11)
1580, (0, 1), (2, 11)
1581, (0, 1), (2, 11)
1582, (0, 1), (2, 11)
1583, (0, 1), (2, 11)
1584, (0, 1), (2, 11)
1585, (0, 1), (2, 11)
1586, (0, 1), (2, 11)
1587, (0, 1), (2, 11)
1588, (0, 1), (2, 11)
1589, (0, 1), (2, 11)
1590, (0, 1), (2, 11)
1591, (0, 1), (2, 11)
1592, (0, 1), (2, 11)
1593, (0, 1), (2, 11)
1594, (0, 1), (2, 11)
1595, (0, 1), (2, 11)
1596, (0, 1), (2, 11)
1597, (0, 1), (2, 11)
1598, (0, 1), (2, 11)
1599, (0, 1), (2, 11)
1600, (0, 1), (2, 11)
1601, (0, 1), (2, 11)
1602, (0, 1), (2, 11)
1603, (0, 1), (2, 11)
1604, (0, 1), (2, 11)
1605, (0, 1), (2, 11)
1606, (0, 1), (2, 11)
1607, (0, 1), (2, 11)
1608, (0, 1), (2, 11)
1609, (0, 1), (2, 11)
1610, (0, 1), (2, 11)
1611, (0, 1), (2, 11)
1612, (0, 1), (2, 11)
1613, (0, 1), (2, 11)
1614, (0, 1), (2, 11)
1615, (0, 1), (2, 11)
1616, (0, 1), (2, 11)
1617, (0, 1), (2, 11)
1618, (0, 1), (2, 11)
1619, (0, 1), (2, 11)
1620, (0, 1), (2, 11)
1621, (0, 1), (2, 11)
1622, (0, 1), (2, 11)
1623, (0, 1), (2, 11)
1624, (0, 1), (2, 11)
1625, (0, 1), (2, 11)
1626, (0, 1), (2, 11)
1627, (0, 1), (2, 11)
1628, (0, 1), (2, 11)
1629, (0, 1), (2, 11)
1630, (0, 1), (2, 11)
1631, (0, 1), (2, 11)
1632, (0, 1), (2, 11)
1633, (0, 1), (2, 11)
1634, (0, 1), (2, 11)
1635, (0, 1), (2, 11)
1636, (0, 1), (2, 11)
1637, (0, 1), (2, 11)
1638, (0, 1), (2, 11)
1639, (0, 1), (2, 11)
1640, (0, 1), (2, 11)
1641, (0, 1), (2, 11)
1642, (0, 1), (2, 11)
1643, (0, 1), (2, 11)
1644, (0, 1), (2, 11)
1645, (0, 1), (2, 11)
1646, (0, 1), (2, 11)
1647, (0, 1), (2, 11)
1648, (0, 1), (2, 11)
1649, (0, 1), (2, 11)
1650, (0, 1), (2, 11)
1651, (0, 1), (2, 11)
1652, (0, 1), (2, 11)
1653, (0, 1), (2, 11)
1654, (0, 1), (2, 11)
1655, (0, 1), (2, 11)
1656, (0, 1), (2, 11)
1657, (0, 1), (2, 11)
1658, (0, 1), (2, 11)
1659, (0, 1), (2, 11)
1660, (0, 1), (2, 11)
1661, (0, 1), (2, 11)
1662, (0, 1), (2, 11)
1663, (0, 1), (2, 11)
1664, (0, 1), (2, 11)
1665, (0, 1), (2, 11)
1666, (0, 1), (2, 11)
1667, (0, 1), (2, 11)
1668, (0, 1), (2, 11)
1669, (0, 1), (2, 11)
1670, (0, 1), (2, 11)
1671, (0, 1), (2, 11)
1672, (0, 1), (2, 11)
1673, (0, 1), (2, 11)
1674, (0, 1), (2, 11)
1675, (0, 1), (2, 11)
1676, (0, 1), (2, 11)
1677, (0, 1), (2, 11)
1678, (0, 1), (2, 11)
1679, (0, 1), (2, 11)
1680, (0, 1), (2, 11)
1681, (0, 1), (2, 11)
1682, (0, 1), (2, 11)
1683, (0, 1), (2, 11)
1684, (0, 1), (2, 11)
1685, (0, 1), (2, 11)
1686, (0, 1), (2, 11)
1687, (0, 1), (2, 11)
1688, (0, 1), (2, 11)
1689, (0, 1), (2, 11)
1690, (0, 1), (2, 11)
1691, (0, 1), (2, 11)
1692, (0, 1), (2, 11)
1693, (0, 1), (2, 11)
1694, (0, 1), (2, 11)
1695, (0, 1), (2, 11)
1696, (0, 1), (2, 11)
1697, (0, 1), (2, 11)
1698, (0, 1), (2, 11)
1699, (0, 1), (2, 11)
1700, (0, 1), (2, 11)
1701, (0, 1), (2, 11)
1702, (0, 1), (2, 11)
1703, (0, 1), (2, 11)
1704, (0, 1), (2, 11)
1705, (0, 1), (2, 11)
1706, (0, 1), (2, 11)
1707, (0, 1), (2, 11)
1708, (0, 1), (2, 11)
1709, (0, 1), (2, 11)
1710, (0, 1), (2, 11)
1711, (0, 1), (2, 11)
1712, (0, 1), (2, 11)
1713, (0, 1), (2, 11)
1714, (0, 1), (2, 11)
1715, (0, 1), (2, 11)
1716, (0, 1), (2, 11)
1717, (0, 1), (2, 11)
1718, (0, 1), (2, 11)
1719, (0, 1), (2, 11)
1720, (0, 1), (2, 11)
1721, (0, 1), (2, 11)
1722, (0, 1), (2, 11)
1723, (0, 1), (2, 11)
1724, (0, 1), (2, 11)
1725, (0, 1), (2, 11)
1726, (0, 1), (2, 11)
1727, (0, 1), (2, 11)
1728, (0, 1), (2, 11)
1729, (0, 1), (2, 11)
1730, (0, 1), (2, 11)
1731, (0, 1), (2, 11)
1732, (0, 1), (2, 11)
1733, (0, 1), (2, 11)
1734, (0, 1), (2, 11)
1735, (0, 1), (2, 11)
1736, (0, 1), (2, 11)
1737, (0, 1), (2, 11)
1738, (0, 1), (2, 11)
1739, (0, 1), (2, 11)
1740, (0, 1), (2, 11)
1741, (0, 1), (2, 11)
1742, (0, 1), (2, 11)
1743, (0, 1), (2, 11)
1744, (0, 1), (2, 11)
1745, (0, 1), (2, 11)
1746, (0, 1), (2, 11)
1747, (0, 1), (2, 11)
1748, (0, 1), (2, 11)
1749, (0, 1), (2, 11)
1750, (0, 1), (2, 11)
1751, (0, 1), (2, 11)
1752, (0, 1), (2, 11)
1753, (0, 1), (2, 11)
1754, (0, 1), (2, 11)
1755, (0, 1), (2, 11)
1756, (0, 1), (2, 11)
1757, (0, 1), (2, 11)
1758, (0, 1), (2, 11)
1759, (0, 1), (2, 11)
1760, (0, 1), (2, 11)
1761, (0, 1), (2, 11)
1762, (0, 1), (2, 11)
1763, (0, 1), (2, 11)
1764, (0, 1), (2, 11)
1765, (0, 1), (2, 11)
1766, (0, 1), (2, 11)
1767, (0, 1), (2, 11)
1768, (0, 1), (2, 11)
1769, (0, 1), (2, 11)
1770, (0, 1), (2, 11)
1771, (0, 1), (2, 11)
1772, (0, 1), (2, 11)
1773, (0, 1), (2, 11)
1774, (0, 1), (2, 11)
1775, (0, 1), (2, 11)
1776, (0, 1), (2, 11)
1777, (0, 1), (2, 11)
1778, (0, 1), (2, 11)
1779, (0, 1), (2, 11)
1780, (0, 1), (2, 11)
1781, (0, 1), (2, 11)
1782, (0, 1), (2, 11)
1783, (0, 1), (2, 11)
1784, (0, 1), (2, 11)
1785, (0, 1), (2, 11)
1786, (0, 1), (2, 11)
1787, (0, 1), (2, 11)
1788, (0, 1), (2, 11)
1789, (0, 1), (2, 11)
1790, (0, 1), (2, 11)
1791, (0, 1), (2, 11)
1796, (2, 8), (5, 11)
1797, (2, 8), (5, 11)
1798, (2, 8), (5, 11)
1799, (2, 8), (5, 11)
1800, (1, 7), (4, 11)
1801, (1, 7), (4, 11)
1802, (1, 7), (4, 11)
1803, (1, 7), (4, 11)
1804, (1, 7), (4, 11)
1805, (1, 7), (4, 11)
1806, (1, 7), (4, 11)
1807, (1, 7), (4, 11)
1808, (0, 6), (3, 11)
1809, (0, 6), (3, 11)
1810, (0, 6), (3, 11)
1811, (0, 6), (3, 11)
1812, (0, 6), (3, 11)
1813, (0, 6), (3, 11)
1814, (0, 6), (3, 11)
1815, (0, 6), (3, 11)
1816, (0, 6), (3, 11)
1817, (0, 6), (3, 11)
1818, (0, 6), (3, 11)
1819, (0, 6), (3, 11)
1820, (0, 6), (3, 11)
1821, (0, 6), (3, 11)
1822, (0, 6), (3, 11)
1823, (0, 6), (3, 11)
1824, (2, 5), (8, 11)
1825, (2, 5), (8, 11)
1826, (2, 5), (8, 11)
1827, (2, 5), (8, 11)
1832, (1, 7), (4, 11)
1833, (1, 7), (4, 11)
1834, (1, 7), (4, 11)
1835, (1, 7), (4, 11)
1836, (1, 7), (4, 11)
1837, (1, 7), (4, 11)
1838, (1, 7), (4, 11)
1839, (1, 7), (4, 11)
1840, (0, 6), (3, 11)
1841, (0, 6), (3, 11)
1842, (0, 6), (3, 11)
1843, (0, 6), (3, 11)
1844, (0, 6), (3, 11)
1845, (0, 6), (3, 11)
1846, (0, 6), (3, 11)
1847, (0, 6), (3, 11)
1848, (0, 6), (3, 11)
1849, (0, 6), (3, 11)
1850, (0, 6), (3, 11)
1851, (0, 6), (3, 11)
1852, (0, 6), (3, 11)
1853, (0, 6), (3, 11)
1854, (0, 6), (3, 11)
1855, (0, 6), (3, 11)
1856, (1, 4), (7, 11)
1857, (1, 4), (7, 11)
1858, (1, 4), (7, 11)
1859, (1, 4), (7, 11)
1860, (2, 8), (5, 11)
1861, (2, 8), (5, 11)
1862, (2, 8), (5, 11)
1863, (2, 8), (5, 11)
1868, (2, 8), (5, 11)
1869, (2, 8), (5, 11)
1870, (2, 8), (5, 11)
1871, (2, 8), (5, 11)
1872, (0, 6), (3, 11)
1873, (0, 6), (3, 11)
1874, (0, 6), (3, 11)
1875, (0, 6), (3, 11)
1876, (0, 6), (3, 11)
1877, (0, 6), (3, 11)
1878, (0, 6), (3, 11)
1879, (0, 6), (3, 11)
1880, (0, 6), (3, 11)
1881, (0, 6), (3, 11)
1882, (0, 6), (3, 11)
1883, (0, 6), (3, 11)
1884, (0, 6), (3, 11)
1885, (0, 6), (3, 11)
1886, (0, 6), (3, 11)
1887, (0, 6), (3, 11)
1888, (4, 5), (3, 11)
1889, (4, 5), (3, 11)
1890, (4, 5), (3, 11)
1891, (4, 5), (3, 11)
1892, (4, 5), (3, 11)
1893, (4, 5), (3, 11)
1894, (4, 5), (3, 11)
1895, (4, 5), (3, 11)
1896, (4, 5), (3, 11)
1897, (4, 5), (3, 11)
1898, (4, 5), (3, 11)
1899, (4, 5), (3, 11)
1900, (4, 5), (3, 11)
1901, (4, 5), (3, 11)
1902, (4, 5), (3, 11)
1903, (4, 5), (3, 11)
1904, (0, 6), (3, 11)
1905, (0, 6), (3, 11)
1906, (0, 6), (3, 11)
1907, (0, 6), (3, 11)
1908, (0, 6), (3, 11)
1909, (0, 6), (3, 11)
1910, (0, 6), (3, 11)
1911, (0, 6), (3, 11)
1912, (0, 6), (3, 11)
1913, (0, 6), (3, 11)
1914, (0, 6), (3, 11)
1915, (0, 6), (3, 11)
1916, (0, 6), (3, 11)
1917, (0, 6), (3, 11)
1918, (0, 6), (3, 11)
1919, (0, 6), (3, 11)
1920, (0, 3), (6, 11)
1921, (0, 3), (6, 11)
1922, (0, 3), (6, 11)
1923, (0, 3), (6, 11)
1924, (2, 8), (5, 11)
1925, (2, 8), (5, 11)
1926, (2, 8), (5, 11)
1927, (2, 8), (5, 11)
1928, (1, 7), (4, 11)
1929, (1, 7), (4, 11)
1930, (1, 7), (4, 11)
1931, (1, 7), (4, 11)
1932, (1, 7), (4, 11)
1933, (1, 7), (4, 11)
1934, (1, 7), (4, 11)
1935, (1, 7), (4, 11)
1940, (2, 8), (5, 11)
1941, (2, 8), (5, 11)
1942, (2, 8), (5, 11)
1943, (2, 8), (5, 11)
1944, (1, 7), (4, 11)
1945, (1, 7), (4, 11)
1946, (1, 7), (4, 11)
1947, (1, 7), (4, 11)
1948, (1, 7), (4, 11)
1949, (1, 7), (4, 11)
1950, (1, 7), (4, 11)
1951, (1, 7), (4, 11)
1952, (3, 5), (4, 11)
1953, (3, 5), (4, 11)
1954, (3, 5), (4, 11)
1955, (3, 5), (4, 11)
1956, (3, 5), (4, 11)
1957, (3, 5), (4, 11)
1958, (3, 5), (4, 11)
1959, (3, 5), (4, 11)
1960, (1, 7), (4, 11)
1961, (1, 7), (4, 11)
1962, (1, 7), (4, 11)
1963, (1, 7), (4, 11)
1964, (1, 7), (4, 11)
1965, (1, 7), (4, 11)
1966, (1, 7), (4, 11)
1967, (1, 7), (4, 11)
1968, (3, 5), (4, 11)
1969, (3, 5), (4, 11)
1970, (3, 5), (4, 11)
1971, (3, 5), (4, 11)
1972, (3, 5), (4, 11)
1973, (3, 5), (4, 11)
1974, (3, 5), (4, 11)
1975, (3, 5), (4, 11)
1976, (1, 7), (4, 11)
1977, (1, 7), (4, 11)
1978, (1, 7), (4, 11)
1979, (1, 7), (4, 11)
1980, (1, 7), (4, 11)
1981, (1, 7), (4, 11)
1982, (1, 7), (4, 11)
1983, (1, 7), (4, 11)
1984, (3, 4), (5, 11)
1985, (3, 4), (5, 11)
1986, (3, 4), (5, 11)
1987, (3, 4), (5, 11)
1988, (2, 8), (5, 11)
1989, (2, 8), (5, 11)
1990, (2, 8), (5, 11)
1991, (2, 8), (5, 11)
1992, (3, 4), (5, 11)
1993, (3, 4), (5, 11)
1994, (3, 4), (5, 11)
1995, (3, 4), (5, 11)
1996, (2, 8), (5, 11)
1997, (2, 8), (5, 11)
1998, (2, 8), (5, 11)
1999, (2, 8), (5, 11)
2000, (3, 4), (5, 11)
2001, (3, 4), (5, 11)
2002, (3, 4), (5, 11)
2003, (3, 4), (5, 11)
2004, (2, 8), (5, 11)
2005, (2, 8), (5, 11)
2006, (2, 8), (5, 11)
2007, (2, 8), (5, 11)
2008, (3, 4), (5, 11)
2009, (3, 4), (5, 11)
2010, (3, 4), (5, 11)
2011, (3, 4), (5, 11)
2012, (2, 8), (5, 11)
2013, (2, 8), (5, 11)
2014, (2, 8), (5, 11)
2015, (2, 8), (5, 11)
2016, (0, 3), (6, 11)
2017, (0, 3), (6, 11)
2018, (0, 3), (6, 11)
2019, (0, 3), (6, 11)
2020, (0, 3), (6, 11)
2021, (0, 3), (6, 11)
2022, (0, 3), (6, 11)
2023, (0, 3), (6, 11)
2024, (0, 3), (6, 11)
2025, (0, 3), (6, 11)
2026, (0, 3), (6, 11)
2027, (0, 3), (6, 11)
2028, (0, 3), (6, 11)
2029, (0, 3), (6, 11)
2030, (0, 3), (6, 11)
2031, (0, 3), (6, 11)
2032, (1, 4), (7, 11)
2033, (1, 4), (7, 11)
2034, (1, 4), (7, 11)
2035, (1, 4), (7, 11)
2036, (1, 4), (7, 11)
2037, (1, 4), (7, 11)
2038, (1, 4), (7, 11)
2039, (1, 4), (7, 11)
2040, (2, 5), (8, 11)
2041, (2, 5), (8, 11)
2042, (2, 5), (8, 11)
2043, (2, 5), (8, 11)
True Count 1: 1848

Result 2 B4:
True Count 2: 0
