Result 1 B2:
Index, Spine, Page
9, (4, 7), (1, 8)
11, (4, 7), (1, 8)
12, (4, 5), (3, 8)
13, (4, 5), (3, 8)
14, (4, 5), (3, 8)
15, (4, 5), (3, 8)
18, (3, 6), (0, 8)
19, (3, 6), (0, 8)
20, (3, 5), (4, 8)
21, (3, 5), (4, 8)
22, (3, 5), (4, 8)
23, (3, 5), (4, 8)
24, (3, 4), (5, 8)
25, (3, 4), (5, 8)
26, (3, 4), (5, 8)
27, (3, 4), (5, 8)
28, (3, 4), (5, 8)
29, (3, 4), (5, 8)
30, (3, 4), (5, 8)
31, (3, 4), (5, 8)
41, (4, 7), (1, 8)
43, (4, 7), (1, 8)
44, (4, 5), (3, 8)
45, (4, 5), (3, 8)
46, (4, 5), (3, 8)
47, (4, 5), (3, 8)
50, (3, 6), (0, 8)
51, (3, 6), (0, 8)
52, (3, 5), (4, 8)
53, (3, 5), (4, 8)
54, (3, 5), (4, 8)
55, (3, 5), (4, 8)
56, (3, 4), (5, 8)
57, (3, 4), (5, 8)
58, (3, 4), (5, 8)
59, (3, 4), (5, 8)
60, (3, 4), (5, 8)
61, (3, 4), (5, 8)
62, (3, 4), (5, 8)
63, (3, 4), (5, 8)
65, (1, 7), (4, 8)
67, (1, 7), (4, 8)
69, (1, 7), (4, 8)
71, (1, 7), (4, 8)
72, (1, 4), (7, 8)
73, (1, 4), (7, 8)
74, (1, 4), (7, 8)
75, (1, 4), (7, 8)
76, (1, 4), (7, 8)
77, (1, 4), (7, 8)
78, (1, 4), (7, 8)
79, (1, 4), (7, 8)
81, (1, 7), (4, 8)
82, (3, 6), (0, 8)
83, (1, 7), (4, 8)
84, (3, 5), (4, 8)
85, (1, 7), (4, 8)
86, (3, 5), (4, 8)
87, (1, 7), (4, 8)
88, (1, 4), (7, 8)
89, (1, 4), (7, 8)
90, (1, 4), (7, 8)
91, (1, 4), (7, 8)
92, (1, 4), (7, 8)
93, (1, 4), (7, 8)
94, (1, 4), (7, 8)
95, (1, 4), (7, 8)
96, (1, 2), (0, 8)
97, (1, 2), (0, 8)
98, (1, 2), (0, 8)
99, (1, 2), (0, 8)
100, (1, 2), (0, 8)
101, (1, 2), (0, 8)
102, (1, 2), (0, 8)
103, (1, 2), (0, 8)
104, (1, 2), (0, 8)
105, (1, 2), (0, 8)
106, (1, 2), (0, 8)
107, (1, 2), (0, 8)
108, (1, 2), (0, 8)
109, (1, 2), (0, 8)
110, (1, 2), (0, 8)
111, (1, 2), (0, 8)
112, (1, 2), (0, 8)
113, (1, 2), (0, 8)
114, (1, 2), (0, 8)
115, (1, 2), (0, 8)
116, (1, 2), (0, 8)
117, (1, 2), (0, 8)
118, (1, 2), (0, 8)
119, (1, 2), (0, 8)
120, (1, 2), (0, 8)
121, (1, 2), (0, 8)
122, (1, 2), (0, 8)
123, (1, 2), (0, 8)
124, (1, 2), (0, 8)
125, (1, 2), (0, 8)
126, (1, 2), (0, 8)
127, (1, 2), (0, 8)
130, (0, 6), (3, 8)
131, (0, 6), (3, 8)
134, (0, 6), (3, 8)
135, (0, 6), (3, 8)
137, (4, 7), (1, 8)
138, (0, 6), (3, 8)
139, (0, 6), (3, 8)
140, (4, 5), (3, 8)
141, (4, 5), (3, 8)
142, (0, 6), (3, 8)
143, (0, 6), (3, 8)
144, (0, 3), (6, 8)
145, (0, 3), (6, 8)
146, (0, 3), (6, 8)
147, (0, 3), (6, 8)
148, (0, 3), (6, 8)
149, (0, 3), (6, 8)
150, (0, 3), (6, 8)
151, (0, 3), (6, 8)
152, (0, 3), (6, 8)
153, (0, 3), (6, 8)
154, (0, 3), (6, 8)
155, (0, 3), (6, 8)
156, (0, 3), (6, 8)
157, (0, 3), (6, 8)
158, (0, 3), (6, 8)
159, (0, 3), (6, 8)
160, (0, 2), (1, 8)
161, (0, 2), (1, 8)
162, (0, 2), (1, 8)
163, (0, 2), (1, 8)
164, (0, 2), (1, 8)
165, (0, 2), (1, 8)
166, (0, 2), (1, 8)
167, (0, 2), (1, 8)
168, (0, 2), (1, 8)
169, (0, 2), (1, 8)
170, (0, 2), (1, 8)
171, (0, 2), (1, 8)
172, (0, 2), (1, 8)
173, (0, 2), (1, 8)
174, (0, 2), (1, 8)
175, (0, 2), (1, 8)
176, (0, 2), (1, 8)
177, (0, 2), (1, 8)
178, (0, 2), (1, 8)
179, (0, 2), (1, 8)
180, (0, 2), (1, 8)
181, (0, 2), (1, 8)
182, (0, 2), (1, 8)
183, (0, 2), (1, 8)
184, (0, 2), (1, 8)
185, (0, 2), (1, 8)
186, (0, 2), (1, 8)
187, (0, 2), (1, 8)
188, (0, 2), (1, 8)
189, (0, 2), (1, 8)
190, (0, 2), (1, 8)
191, (0, 2), (1, 8)
192, (0, 1), (2, 8)
193, (0, 1), (2, 8)
194, (0, 1), (2, 8)
195, (0, 1), (2, 8)
196, (0, 1), (2, 8)
197, (0, 1), (2, 8)
198, (0, 1), (2, 8)
199, (0, 1), (2, 8)
200, (0, 1), (2, 8)
201, (0, 1), (2, 8)
202, (0, 1), (2, 8)
203, (0, 1), (2, 8)
204, (0, 1), (2, 8)
205, (0, 1), (2, 8)
206, (0, 1), (2, 8)
207, (0, 1), (2, 8)
208, (0, 1), (2, 8)
209, (0, 1), (2, 8)
210, (0, 1), (2, 8)
211, (0, 1), (2, 8)
212, (0, 1), (2, 8)
213, (0, 1), (2, 8)
214, (0, 1), (2, 8)
215, (0, 1), (2, 8)
216, (0, 1), (2, 8)
217, (0, 1), (2, 8)
218, (0, 1), (2, 8)
219, (0, 1), (2, 8)
220, (0, 1), (2, 8)
221, (0, 1), (2, 8)
222, (0, 1), (2, 8)
223, (0, 1), (2, 8)
224, (0, 1), (2, 8)
225, (0, 1), (2, 8)
226, (0, 1), (2, 8)
227, (0, 1), (2, 8)
228, (0, 1), (2, 8)
229, (0, 1), (2, 8)
230, (0, 1), (2, 8)
231, (0, 1), (2, 8)
232, (0, 1), (2, 8)
233, (0, 1), (2, 8)
234, (0, 1), (2, 8)
235, (0, 1), (2, 8)
236, (0, 1), (2, 8)
237, (0, 1), (2, 8)
238, (0, 1), (2, 8)
239, (0, 1), (2, 8)
240, (0, 1), (2, 8)
241, (0, 1), (2, 8)
242, (0, 1), (2, 8)
243, (0, 1), (2, 8)
244, (0, 1), (2, 8)
245, (0, 1), (2, 8)
246, (0, 1), (2, 8)
247, (0, 1), (2, 8)
248, (0, 1), (2, 8)
249, (0, 1), (2, 8)
250, (0, 1), (2, 8)
251, (0, 1), (2, 8)
252, (0, 1), (2, 8)
253, (0, 1), (2, 8)
254, (0, 1), (2, 8)
255, (0, 1), (2, 8)
True Count 1: 222

Result 2 B3:
Index, Spine, Page
0, (0, 5), (7, 8, 9)
1, (0, 5), (7, 8, 9)
2, (0, 5), (7, 8, 9)
3, (0, 5), (7, 8, 9)
4, (0, 7), (5, 8, 9)
5, (0, 9), (4, 5, 7)
6, (0, 7), (5, 8, 9)
7, (0, 9), (4, 5, 7)
8, (0, 5), (7, 8, 9)
9, (0, 5), (7, 8, 9)
10, (0, 5), (7, 8, 9)
11, (0, 5), (7, 8, 9)
12, (0, 7), (5, 8, 9)
13, (0, 9), (4, 5, 7)
14, (0, 7), (5, 8, 9)
15, (0, 9), (4, 5, 7)
16, (0, 5), (7, 8, 9)
17, (0, 5), (7, 8, 9)
18, (0, 5), (7, 8, 9)
19, (0, 5), (7, 8, 9)
20, (0, 7), (5, 8, 9)
21, (0, 9), (4, 5, 7)
22, (0, 7), (5, 8, 9)
23, (0, 9), (4, 5, 7)
24, (0, 5), (7, 8, 9)
25, (0, 5), (7, 8, 9)
26, (0, 5), (7, 8, 9)
27, (0, 5), (7, 8, 9)
28, (0, 7), (5, 8, 9)
29, (0, 9), (4, 5, 7)
30, (0, 7), (5, 8, 9)
31, (0, 9), (4, 5, 7)
32, (0, 5), (7, 8, 9)
33, (0, 5), (7, 8, 9)
34, (0, 5), (7, 8, 9)
35, (0, 5), (7, 8, 9)
36, (0, 7), (5, 8, 9)
37, (0, 9), (4, 5, 7)
38, (0, 7), (5, 8, 9)
39, (0, 9), (4, 5, 7)
40, (0, 5), (7, 8, 9)
41, (0, 5), (7, 8, 9)
42, (0, 5), (7, 8, 9)
43, (0, 5), (7, 8, 9)
44, (0, 7), (5, 8, 9)
45, (0, 9), (4, 5, 7)
46, (0, 7), (5, 8, 9)
47, (0, 9), (4, 5, 7)
48, (0, 5), (7, 8, 9)
49, (0, 5), (7, 8, 9)
50, (0, 5), (7, 8, 9)
51, (0, 5), (7, 8, 9)
52, (0, 7), (5, 8, 9)
53, (0, 9), (4, 5, 7)
54, (0, 7), (5, 8, 9)
55, (0, 9), (4, 5, 7)
56, (0, 5), (7, 8, 9)
57, (0, 5), (7, 8, 9)
58, (0, 5), (7, 8, 9)
59, (0, 5), (7, 8, 9)
60, (0, 7), (5, 8, 9)
61, (0, 9), (4, 5, 7)
62, (0, 7), (5, 8, 9)
63, (0, 9), (4, 5, 7)
64, (0, 5), (7, 8, 9)
65, (0, 5), (7, 8, 9)
66, (0, 5), (7, 8, 9)
67, (0, 5), (7, 8, 9)
68, (0, 7), (5, 8, 9)
69, (0, 9), (4, 5, 7)
70, (0, 7), (5, 8, 9)
71, (0, 9), (4, 5, 7)
72, (0, 5), (7, 8, 9)
73, (0, 5), (7, 8, 9)
74, (0, 5), (7, 8, 9)
75, (0, 5), (7, 8, 9)
76, (0, 7), (5, 8, 9)
77, (0, 9), (4, 5, 7)
78, (0, 7), (5, 8, 9)
79, (0, 9), (4, 5, 7)
80, (0, 5), (7, 8, 9)
81, (0, 5), (7, 8, 9)
82, (0, 5), (7, 8, 9)
83, (0, 5), (7, 8, 9)
84, (0, 7), (5, 8, 9)
85, (0, 9), (4, 5, 7)
86, (0, 7), (5, 8, 9)
87, (0, 9), (4, 5, 7)
88, (0, 5), (7, 8, 9)
89, (0, 5), (7, 8, 9)
90, (0, 5), (7, 8, 9)
91, (0, 5), (7, 8, 9)
92, (0, 7), (5, 8, 9)
93, (0, 9), (4, 5, 7)
94, (0, 7), (5, 8, 9)
95, (0, 9), (4, 5, 7)
96, (0, 5), (7, 8, 9)
97, (0, 5), (7, 8, 9)
98, (0, 5), (7, 8, 9)
99, (0, 5), (7, 8, 9)
100, (0, 7), (5, 8, 9)
101, (0, 9), (4, 5, 7)
102, (0, 7), (5, 8, 9)
103, (0, 9), (4, 5, 7)
104, (0, 5), (7, 8, 9)
105, (0, 5), (7, 8, 9)
106, (0, 5), (7, 8, 9)
107, (0, 5), (7, 8, 9)
108, (0, 7), (5, 8, 9)
109, (0, 9), (4, 5, 7)
110, (0, 7), (5, 8, 9)
111, (0, 9), (4, 5, 7)
112, (0, 5), (7, 8, 9)
113, (0, 5), (7, 8, 9)
114, (0, 5), (7, 8, 9)
115, (0, 5), (7, 8, 9)
116, (0, 7), (5, 8, 9)
117, (0, 9), (4, 5, 7)
118, (0, 7), (5, 8, 9)
119, (0, 9), (4, 5, 7)
120, (0, 5), (7, 8, 9)
121, (0, 5), (7, 8, 9)
122, (0, 5), (7, 8, 9)
123, (0, 5), (7, 8, 9)
124, (0, 7), (5, 8, 9)
125, (0, 9), (4, 5, 7)
126, (0, 7), (5, 8, 9)
127, (0, 9), (4, 5, 7)
128, (0, 9), (4, 5, 7)
129, (0, 9), (4, 5, 7)
130, (0, 9), (4, 5, 7)
131, (0, 9), (4, 5, 7)
132, (0, 9), (4, 5, 7)
133, (0, 9), (4, 5, 7)
134, (0, 9), (4, 5, 7)
135, (0, 9), (4, 5, 7)
136, (0, 9), (4, 5, 7)
137, (0, 9), (4, 5, 7)
138, (0, 9), (4, 5, 7)
139, (0, 9), (4, 5, 7)
140, (0, 9), (4, 5, 7)
141, (0, 9), (4, 5, 7)
142, (0, 9), (4, 5, 7)
143, (0, 9), (4, 5, 7)
144, (0, 9), (4, 5, 7)
145, (0, 9), (4, 5, 7)
146, (0, 9), (4, 5, 7)
147, (0, 9), (4, 5, 7)
148, (0, 9), (4, 5, 7)
149, (0, 9), (4, 5, 7)
150, (0, 9), (4, 5, 7)
151, (0, 9), (4, 5, 7)
152, (0, 9), (4, 5, 7)
153, (0, 9), (4, 5, 7)
154, (0, 9), (4, 5, 7)
155, (0, 9), (4, 5, 7)
156, (0, 9), (4, 5, 7)
157, (0, 9), (4, 5, 7)
158, (0, 9), (4, 5, 7)
159, (0, 9), (4, 5, 7)
160, (0, 9), (4, 5, 7)
161, (0, 9), (4, 5, 7)
162, (0, 9), (4, 5, 7)
163, (0, 9), (4, 5, 7)
164, (0, 9), (4, 5, 7)
165, (0, 9), (4, 5, 7)
166, (0, 9), (4, 5, 7)
167, (0, 9), (4, 5, 7)
168, (0, 9), (4, 5, 7)
169, (0, 9), (4, 5, 7)
170, (0, 9), (4, 5, 7)
171, (0, 9), (4, 5, 7)
172, (0, 9), (4, 5, 7)
173, (0, 9), (4, 5, 7)
174, (0, 9), (4, 5, 7)
175, (0, 9), (4, 5, 7)
176, (0, 9), (4, 5, 7)
177, (0, 9), (4, 5, 7)
178, (0, 9), (4, 5, 7)
179, (0, 9), (4, 5, 7)
180, (0, 9), (4, 5, 7)
181, (0, 9), (4, 5, 7)
182, (0, 9), (4, 5, 7)
183, (0, 9), (4, 5, 7)
184, (0, 9), (4, 5, 7)
185, (0, 9), (4, 5, 7)
186, (0, 9), (4, 5, 7)
187, (0, 9), (4, 5, 7)
188, (0, 9), (4, 5, 7)
189, (0, 9), (4, 5, 7)
190, (0, 9), (4, 5, 7)
191, (0, 9), (4, 5, 7)
192, (0, 9), (4, 5, 7)
193, (0, 9), (4, 5, 7)
194, (0, 9), (4, 5, 7)
195, (0, 9), (4, 5, 7)
196, (0, 9), (4, 5, 7)
197, (0, 9), (4, 5, 7)
198, (0, 9), (4, 5, 7)
199, (0, 9), (4, 5, 7)
200, (0, 9), (4, 5, 7)
201, (0, 9), (4, 5, 7)
202, (0, 9), (4, 5, 7)
203, (0, 9), (4, 5, 7)
204, (0, 9), (4, 5, 7)
205, (0, 9), (4, 5, 7)
206, (0, 9), (4, 5, 7)
207, (0, 9), (4, 5, 7)
208, (0, 9), (4, 5, 7)
209, (0, 9), (4, 5, 7)
210, (0, 9), (4, 5, 7)
211, (0, 9), (4, 5, 7)
212, (0, 9), (4, 5, 7)
213, (0, 9), (4, 5, 7)
214, (0, 9), (4, 5, 7)
215, (0, 9), (4, 5, 7)
216, (0, 9), (4, 5, 7)
217, (0, 9), (4, 5, 7)
218, (0, 9), (4, 5, 7)
219, (0, 9), (4, 5, 7)
220, (0, 9), (4, 5, 7)
221, (0, 9), (4, 5, 7)
222, (0, 9), (4, 5, 7)
223, (0, 9), (4, 5, 7)
224, (0, 9), (4, 5, 7)
225, (0, 9), (4, 5, 7)
226, (0, 9), (4, 5, 7)
227, (0, 9), (4, 5, 7)
228, (0, 9), (4, 5, 7)
229, (0, 9), (4, 5, 7)
230, (0, 9), (4, 5, 7)
231, (0, 9), (4, 5, 7)
232, (0, 9), (4, 5, 7)
233, (0, 9), (4, 5, 7)
234, (0, 9), (4, 5, 7)
235, (0, 9), (4, 5, 7)
236, (0, 9), (4, 5, 7)
237, (0, 9), (4, 5, 7)
238, (0, 9), (4, 5, 7)
239, (0, 9), (4, 5, 7)
240, (0, 9), (4, 5, 7)
241, (0, 9), (4, 5, 7)
242, (0, 9), (4, 5, 7)
243, (0, 9), (4, 5, 7)
244, (0, 9), (4, 5, 7)
245, (0, 9), (4, 5, 7)
246, (0, 9), (4, 5, 7)
247, (0, 9), (4, 5, 7)
248, (0, 9), (4, 5, 7)
249, (0, 9), (4, 5, 7)
250, (0, 9), (4, 5, 7)
251, (0, 9), (4, 5, 7)
252, (0, 9), (4, 5, 7)
253, (0, 9), (4, 5, 7)
254, (0, 9), (4, 5, 7)
255, (0, 9), (4, 5, 7)
True Count 2: 256
