0101011010101110110000
1010101101000111011000
0101010110100011101100
1010101011000001110110
0101010101100000111011
1010101010110000011101
1101010101011000001110
0110101010101100000111
1011010101010110000011
0101101010111011000001
1010110101011101100000
0000011011100101001010
1000001101100010100101
1100000110110001010010
1110000011001000101001
0111000001110100010100
1011100000101010001010
1101110000000101000101
0110111000010010100010
0011011100001001010001
0001101110010100101000
0000110111001010010100
