00010011000111110101001010111110001100100
00001001100011111010100101011111000110010
00000100110001111101010010101111100011001
10000010011000111110101001010111110001100
01000001001100011111010100101011111000110
00100000100110001111101010010101111100011
10010000010011000111110101001010111110001
11001000001001100011111010100101011111000
01100100000100110001111101010010101111100
00110010000010011000111110101001010111110
00011001000001001100011111010100101011111
10001100100000100110001111101010010101111
11000110010000010011000111110101001010111
11100011001000001001100011111010100101011
11110001100100000100110001111101010010101
11111000110010000010011000111110101001010
01111100011001000001001100011111010100101
10111110001100100000100110001111101010010
01011111000110010000010011000111110101001
10101111100011001000001001100011111010100
01010111110001100100000100110001111101010
00101011111000110010000010011000111110101
10010101111100011001000001001100011111010
01001010111110001100100000100110001111101
10100101011111000110010000010011000111110
01010010101111100011001000001001100011111
10101001010111110001100100000100110001111
11010100101011111000110010000010011000111
11101010010101111100011001000001001100011
11110101001010111110001100100000100110001
11111010100101011111000110010000010011000
01111101010010101111100011001000001001100
00111110101001010111110001100100000100110
00011111010100101011111000110010000010011
10001111101010010101111100011001000001001
11000111110101001010111110001100100000100
01100011111010100101011111000110010000010
00110001111101010010101111100011001000001
10011000111110101001010111110001100100000
01001100011111010100101011111000110010000
00100110001111101010010101111100011001000
